10000 10001
3171
9590 1
8617 2
6122 3
4519 4
661 5
3677 6
6345 7
5273 8
3996 9
1996 10
1059 11
3285 12
3837 13
4478 14
3491 15
6999 16
7745 17
421 18
2334 19
6946 20
2556 21
6745 22
8803 23
5943 24
4321 25
8018 26
9555 27
548 28
2659 29
8965 30
7123 31
9435 32
1260 33
2370 34
288 35
612 36
1569 37
3421 38
9618 39
7605 40
2629 41
4044 42
244 43
993 44
6892 45
3185 46
4499 47
7567 48
5427 49
2745 50
1588 51
4749 52
4639 53
6819 54
5051 55
213 56
7939 57
7797 58
6410 59
959 60
7703 61
2492 62
6855 63
8118 64
1109 65
2498 66
9825 67
2015 68
3972 69
1941 70
164 71
5623 72
619 73
4485 74
6106 75
5869 76
5150 77
8942 78
852 79
7072 80
5837 81
2119 82
9978 83
9818 84
3678 85
2538 86
6528 87
2317 88
7943 89
3669 90
8170 91
2637 92
9744 93
5392 94
1825 95
3775 96
8137 97
5729 98
6134 99
5487 100
7480 101
2444 102
5478 103
5032 104
5654 105
7823 106
1630 107
7152 108
9082 109
1293 110
7649 111
2258 112
9701 113
5176 114
264 115
6528 116
1968 117
2436 118
3049 119
9928 120
2899 121
890 122
28 123
518 124
3864 125
619 126
297 127
9803 128
8640 129
8598 130
8870 131
3021 132
9844 133
8796 134
464 135
9311 136
2718 137
8993 138
824 139
1010 140
5608 141
2133 142
6320 143
4875 144
8885 145
52 146
1765 147
6183 148
3791 149
171 150
1839 151
9565 152
6977 153
7916 154
4807 155
2003 156
1590 157
1779 158
713 159
7380 160
4514 161
842 162
8714 163
8000 164
800 165
7211 166
7435 167
2484 168
9627 169
5508 170
3183 171
7771 172
864 173
1247 174
1241 175
5525 176
8083 177
850 178
3754 179
9784 180
7106 181
7285 182
298 183
1060 184
1640 185
7474 186
9748 187
8651 188
6435 189
4834 190
615 191
8225 192
487 193
3701 194
4601 195
3504 196
4835 197
6258 198
7807 199
1887 200
7029 201
2544 202
299 203
2996 204
2970 205
771 206
4197 207
2584 208
4825 209
1484 210
366 211
9722 212
9089 213
4906 214
2160 215
2022 216
2255 217
8262 218
6954 219
8951 220
2821 221
862 222
491 223
138 224
6887 225
2687 226
2028 227
2310 228
1815 229
2392 230
8707 231
3705 232
3940 233
5085 234
9253 235
3636 236
959 237
729 238
8844 239
506 240
6702 241
760 242
5690 243
3621 244
6132 245
6516 246
4108 247
602 248
3184 249
478 250
8482 251
3854 252
2693 253
528 254
9934 255
1464 256
6874 257
6512 258
4747 259
8584 260
4659 261
1655 262
6368 263
3593 264
6672 265
8546 266
2613 267
6340 268
1381 269
7961 270
6245 271
4293 272
6906 273
63 274
373 275
3265 276
6611 277
9018 278
7460 279
9336 280
5458 281
5827 282
5715 283
2936 284
8907 285
5151 286
1479 287
1090 288
905 289
5391 290
4765 291
8961 292
4431 293
6277 294
7197 295
1592 296
9906 297
8153 298
9506 299
9146 300
8933 301
2731 302
2105 303
9488 304
6997 305
3977 306
3320 307
1831 308
9814 309
8899 310
945 311
4697 312
173 313
1981 314
5526 315
8237 316
9071 317
8405 318
6767 319
6753 320
3338 321
1046 322
7883 323
1462 324
1411 325
7003 326
6707 327
5516 328
8384 329
6792 330
85 331
5328 332
5831 333
4886 334
9535 335
2180 336
3063 337
8590 338
4458 339
7726 340
2549 341
2232 342
7930 343
3075 344
2953 345
884 346
8579 347
8726 348
1706 349
1848 350
7614 351
8427 352
3063 353
6699 354
924 355
9345 356
3400 357
3537 358
3354 359
959 360
2452 361
9928 362
8293 363
9550 364
740 365
2163 366
9056 367
7304 368
2328 369
5957 370
7508 371
3519 372
2536 373
1281 374
6424 375
337 376
8862 377
7679 378
3793 379
298 380
82 381
6625 382
3243 383
4938 384
7334 385
8775 386
1737 387
7257 388
3572 389
2399 390
233 391
9593 392
5284 393
689 394
795 395
6171 396
3234 397
4650 398
5828 399
7572 400
2080 401
5176 402
4446 403
8705 404
6711 405
5126 406
1842 407
8424 408
9188 409
1783 410
6649 411
3009 412
6689 413
1768 414
1983 415
8421 416
3473 417
7969 418
9193 419
4006 420
2624 421
5229 422
5080 423
6400 424
122 425
2011 426
815 427
9247 428
3179 429
323 430
6882 431
9008 432
2439 433
8541 434
8271 435
6940 436
6763 437
734 438
1473 439
5362 440
1891 441
4116 442
5346 443
9380 444
4925 445
1429 446
5105 447
6021 448
7166 449
3715 450
421 451
6401 452
469 453
1554 454
273 455
9678 456
1341 457
29 458
2600 459
4226 460
8582 461
3974 462
2194 463
8181 464
6357 465
9853 466
3008 467
4344 468
5290 469
1890 470
8316 471
4182 472
4995 473
1566 474
7413 475
3322 476
5712 477
2111 478
8522 479
6497 480
1399 481
6947 482
3572 483
7105 484
5161 485
3256 486
8361 487
2730 488
7844 489
5152 490
5887 491
6252 492
4970 493
6586 494
845 495
2202 496
2386 497
4415 498
6472 499
3966 500
6878 501
1339 502
8941 503
9532 504
3821 505
9757 506
3097 507
1211 508
881 509
5440 510
17 511
849 512
291 513
1802 514
3359 515
4014 516
5045 517
101 518
1003 519
477 520
9673 521
989 522
2507 523
166 524
6017 525
5961 526
7627 527
9800 528
4678 529
6269 530
1968 531
245 532
5325 533
5871 534
8393 535
8301 536
2055 537
8584 538
1975 539
6352 540
4248 541
8158 542
7551 543
8926 544
2490 545
2224 546
9982 547
6417 548
2146 549
1442 550
2797 551
2846 552
6931 553
5417 554
1476 555
4968 556
5682 557
5017 558
899 559
9173 560
4682 561
8189 562
9359 563
2853 564
881 565
7398 566
5290 567
6224 568
1754 569
3913 570
6343 571
3439 572
1612 573
2130 574
956 575
3887 576
5012 577
5357 578
7432 579
6065 580
2167 581
1750 582
215 583
5845 584
9786 585
5055 586
6676 587
6584 588
3301 589
4563 590
1966 591
139 592
2212 593
4456 594
3998 595
87 596
3008 597
8490 598
3960 599
6813 600
6735 601
3110 602
7824 603
9635 604
9687 605
7108 606
3007 607
3900 608
473 609
7081 610
7958 611
6102 612
8331 613
6155 614
7138 615
3259 616
6774 617
790 618
9169 619
640 620
1266 621
4990 622
9540 623
290 624
7150 625
5318 626
7797 627
5473 628
388 629
8529 630
602 631
9661 632
4716 633
2280 634
763 635
9025 636
7168 637
9659 638
2817 639
5981 640
8785 641
4779 642
7599 643
2137 644
7544 645
2135 646
4854 647
7718 648
2031 649
3941 650
2115 651
9687 652
4577 653
116 654
1436 655
528 656
4974 657
2527 658
923 659
3934 660
916 661
325 662
6057 663
4903 664
3483 665
9031 666
6063 667
9859 668
1967 669
9777 670
5209 671
7691 672
8228 673
108 674
652 675
6705 676
3157 677
3987 678
3754 679
9632 680
1453 681
2869 682
1395 683
438 684
1290 685
7803 686
1182 687
5071 688
6766 689
2107 690
4568 691
83 692
6168 693
6268 694
1340 695
5987 696
882 697
6938 698
5653 699
80 700
1212 701
1500 702
4112 703
7133 704
7146 705
2388 706
2437 707
966 708
506 709
2199 710
2710 711
9953 712
376 713
1902 714
9449 715
9299 716
4837 717
9340 718
1411 719
5910 720
901 721
6049 722
8182 723
8234 724
9704 725
1102 726
6572 727
4138 728
363 729
1082 730
6948 731
4561 732
5712 733
7829 734
3629 735
5724 736
2251 737
6283 738
4833 739
6849 740
1375 741
6843 742
1396 743
5712 744
5896 745
9640 746
9740 747
9609 748
1706 749
5599 750
2163 751
3886 752
4122 753
2314 754
7770 755
1322 756
4299 757
229 758
4817 759
9427 760
973 761
8048 762
1157 763
2332 764
1025 765
3044 766
6969 767
8190 768
319 769
4121 770
2440 771
4904 772
9531 773
342 774
7961 775
7253 776
710 777
7883 778
1221 779
1629 780
993 781
5340 782
5349 783
4846 784
6007 785
367 786
4831 787
7516 788
1947 789
8632 790
3778 791
9702 792
4592 793
3154 794
6047 795
7659 796
9160 797
4849 798
3052 799
7037 800
959 801
2501 802
6419 803
2614 804
9657 805
242 806
9664 807
2696 808
5880 809
9934 810
9403 811
2553 812
2082 813
9675 814
8594 815
6254 816
8963 817
9477 818
4651 819
1911 820
5552 821
9182 822
3032 823
3356 824
3164 825
457 826
2107 827
662 828
5805 829
531 830
9901 831
3617 832
6609 833
3992 834
6186 835
4384 836
3950 837
7509 838
1167 839
706 840
2535 841
3370 842
8055 843
6500 844
8038 845
2067 846
5857 847
5047 848
5462 849
1047 850
3542 851
3763 852
8304 853
7104 854
2330 855
7628 856
7001 857
2748 858
6385 859
9459 860
1401 861
2499 862
2948 863
7057 864
5311 865
970 866
2180 867
9856 868
5523 869
4392 870
4542 871
1562 872
9100 873
1735 874
1968 875
7286 876
8371 877
9405 878
1275 879
2543 880
9112 881
1820 882
1609 883
9256 884
4308 885
5510 886
3297 887
7534 888
6479 889
4325 890
1416 891
796 892
66 893
3817 894
2266 895
7029 896
703 897
3475 898
8634 899
7293 900
9472 901
9331 902
6502 903
7784 904
670 905
77 906
9727 907
120 908
7347 909
2625 910
6391 911
7841 912
8049 913
8971 914
8908 915
1503 916
4116 917
9864 918
7732 919
5866 920
4806 921
986 922
6297 923
6649 924
7906 925
4365 926
871 927
2053 928
3723 929
5819 930
8035 931
4655 932
109 933
7581 934
1167 935
741 936
4100 937
9412 938
5403 939
5441 940
2908 941
3319 942
7390 943
5042 944
1545 945
1181 946
358 947
6079 948
3032 949
749 950
2076 951
9801 952
790 953
7268 954
8379 955
4848 956
239 957
1911 958
8114 959
2889 960
905 961
6586 962
3896 963
6831 964
8195 965
2288 966
7296 967
6808 968
7384 969
2259 970
6861 971
5081 972
2216 973
967 974
2328 975
2636 976
8936 977
8634 978
3600 979
9952 980
41 981
1103 982
7408 983
3218 984
6071 985
907 986
3271 987
3995 988
6067 989
2111 990
3524 991
4682 992
9923 993
7559 994
3521 995
5636 996
3704 997
8946 998
5522 999
3977 1000
5809 1001
2644 1002
5757 1003
7801 1004
8878 1005
1864 1006
2204 1007
4118 1008
9623 1009
3018 1010
65 1011
9787 1012
8877 1013
1748 1014
2217 1015
7149 1016
7889 1017
6679 1018
3141 1019
1314 1020
3605 1021
204 1022
4037 1023
7584 1024
7440 1025
2027 1026
9701 1027
2582 1028
5830 1029
3708 1030
2188 1031
8017 1032
262 1033
3325 1034
9234 1035
2056 1036
1253 1037
195 1038
9891 1039
6296 1040
1372 1041
9220 1042
6674 1043
6407 1044
1422 1045
1397 1046
6863 1047
4867 1048
781 1049
863 1050
1179 1051
955 1052
5821 1053
6551 1054
1228 1055
9521 1056
6792 1057
2014 1058
9020 1059
3342 1060
211 1061
2310 1062
2743 1063
2470 1064
1 1065
8567 1066
997 1067
5998 1068
8615 1069
5264 1070
2900 1071
9291 1072
7552 1073
6402 1074
2442 1075
3100 1076
4306 1077
2809 1078
4649 1079
5723 1080
7649 1081
172 1082
532 1083
6768 1084
9362 1085
2168 1086
1313 1087
39 1088
5843 1089
3816 1090
1856 1091
3283 1092
4473 1093
8376 1094
4507 1095
6963 1096
1577 1097
5833 1098
237 1099
9171 1100
2219 1101
4263 1102
8920 1103
998 1104
6060 1105
5226 1106
6338 1107
7315 1108
6147 1109
4938 1110
752 1111
2382 1112
4230 1113
8358 1114
1974 1115
2296 1116
4558 1117
2119 1118
7917 1119
9225 1120
825 1121
2464 1122
4070 1123
4701 1124
9918 1125
2345 1126
3279 1127
7197 1128
7142 1129
2397 1130
9939 1131
8048 1132
5305 1133
1200 1134
7510 1135
929 1136
8694 1137
2325 1138
1122 1139
3427 1140
6472 1141
6318 1142
4987 1143
2514 1144
9093 1145
5141 1146
3466 1147
2476 1148
9256 1149
428 1150
9304 1151
9408 1152
3570 1153
3424 1154
857 1155
1285 1156
7068 1157
851 1158
1195 1159
3886 1160
1680 1161
3193 1162
4111 1163
4332 1164
2025 1165
6275 1166
8407 1167
837 1168
9016 1169
299 1170
8881 1171
2740 1172
6792 1173
5071 1174
7347 1175
5409 1176
3637 1177
7281 1178
2295 1179
4707 1180
4984 1181
2398 1182
3913 1183
66 1184
438 1185
4734 1186
4591 1187
1954 1188
1194 1189
7340 1190
5032 1191
3821 1192
3007 1193
2966 1194
552 1195
8352 1196
1283 1197
967 1198
451 1199
8553 1200
7257 1201
4323 1202
8887 1203
3487 1204
7837 1205
5507 1206
6927 1207
5362 1208
7629 1209
9202 1210
1238 1211
549 1212
2486 1213
3990 1214
2057 1215
154 1216
8925 1217
7635 1218
5280 1219
2556 1220
8480 1221
381 1222
4510 1223
7106 1224
7307 1225
2428 1226
9782 1227
2899 1228
5663 1229
181 1230
5425 1231
5221 1232
5408 1233
7239 1234
9741 1235
6363 1236
9550 1237
5987 1238
8536 1239
5518 1240
2599 1241
5135 1242
6862 1243
8490 1244
1722 1245
6284 1246
5919 1247
7469 1248
6591 1249
2103 1250
117 1251
4796 1252
7094 1253
9197 1254
3988 1255
1622 1256
5293 1257
8259 1258
1650 1259
4925 1260
9733 1261
3941 1262
9753 1263
2530 1264
3831 1265
3389 1266
1067 1267
688 1268
5555 1269
8294 1270
3318 1271
6796 1272
9514 1273
2513 1274
6760 1275
6715 1276
9101 1277
5480 1278
6164 1279
357 1280
9364 1281
9618 1282
2853 1283
3912 1284
4420 1285
9830 1286
6931 1287
4096 1288
8811 1289
6947 1290
1492 1291
1078 1292
7278 1293
1855 1294
1733 1295
8247 1296
1253 1297
1390 1298
745 1299
1014 1300
1460 1301
8262 1302
5360 1303
660 1304
5566 1305
3040 1306
9548 1307
7567 1308
245 1309
130 1310
4256 1311
473 1312
7701 1313
395 1314
8266 1315
1003 1316
1522 1317
8974 1318
9746 1319
6265 1320
9774 1321
2643 1322
1203 1323
9399 1324
2992 1325
8650 1326
7066 1327
5148 1328
930 1329
8594 1330
7677 1331
518 1332
4857 1333
7913 1334
7855 1335
4655 1336
7386 1337
7156 1338
2097 1339
318 1340
9995 1341
1137 1342
138 1343
17 1344
424 1345
8923 1346
4921 1347
6858 1348
1448 1349
5678 1350
3482 1351
5943 1352
2927 1353
6540 1354
5400 1355
5927 1356
1860 1357
2480 1358
4403 1359
2089 1360
1718 1361
8320 1362
4562 1363
7607 1364
1482 1365
8856 1366
9706 1367
9636 1368
3368 1369
4037 1370
5071 1371
9473 1372
2408 1373
2831 1374
5626 1375
4502 1376
4727 1377
2890 1378
4109 1379
1967 1380
9230 1381
1342 1382
3827 1383
1492 1384
1380 1385
8566 1386
8027 1387
2558 1388
7011 1389
2775 1390
5958 1391
4007 1392
841 1393
8162 1394
2350 1395
4850 1396
7360 1397
2283 1398
3386 1399
1467 1400
271 1401
8826 1402
7391 1403
5391 1404
5218 1405
3586 1406
1642 1407
9983 1408
5096 1409
1488 1410
6443 1411
977 1412
812 1413
8022 1414
1108 1415
7352 1416
5543 1417
7385 1418
5747 1419
3653 1420
6323 1421
2392 1422
2427 1423
3613 1424
8355 1425
8910 1426
5786 1427
8973 1428
6657 1429
2810 1430
9846 1431
2092 1432
455 1433
3708 1434
4537 1435
896 1436
915 1437
7971 1438
4815 1439
5828 1440
6085 1441
8181 1442
8030 1443
8232 1444
6890 1445
7358 1446
3061 1447
5737 1448
1422 1449
397 1450
7320 1451
3267 1452
1358 1453
2075 1454
843 1455
1396 1456
8844 1457
8397 1458
2333 1459
1938 1460
1062 1461
7404 1462
3607 1463
2304 1464
3577 1465
6836 1466
7476 1467
5741 1468
1201 1469
1833 1470
3652 1471
7486 1472
6149 1473
6865 1474
1532 1475
2237 1476
1841 1477
6109 1478
7600 1479
2177 1480
627 1481
3737 1482
8691 1483
9616 1484
5658 1485
3847 1486
5646 1487
2227 1488
796 1489
423 1490
4319 1491
1561 1492
408 1493
2619 1494
7668 1495
5134 1496
427 1497
5095 1498
8201 1499
9373 1500
5926 1501
7214 1502
4062 1503
2644 1504
8271 1505
1243 1506
2333 1507
1191 1508
2023 1509
8925 1510
1738 1511
2744 1512
2061 1513
583 1514
668 1515
5077 1516
1985 1517
8694 1518
4219 1519
450 1520
9995 1521
7524 1522
1258 1523
889 1524
7581 1525
5661 1526
1366 1527
9695 1528
3558 1529
6880 1530
2496 1531
5400 1532
2457 1533
5736 1534
1064 1535
606 1536
1037 1537
988 1538
2378 1539
222 1540
246 1541
36 1542
9902 1543
2356 1544
8532 1545
4541 1546
1242 1547
4489 1548
6778 1549
4414 1550
3051 1551
9257 1552
594 1553
6508 1554
1988 1555
2666 1556
8078 1557
6091 1558
6981 1559
8409 1560
4962 1561
9318 1562
4400 1563
1591 1564
7377 1565
4144 1566
8152 1567
1220 1568
1398 1569
1740 1570
4635 1571
4155 1572
1300 1573
4331 1574
3922 1575
943 1576
7375 1577
6260 1578
502 1579
6852 1580
8461 1581
3928 1582
8805 1583
5153 1584
4039 1585
7382 1586
3605 1587
5492 1588
4916 1589
5820 1590
3128 1591
4246 1592
5624 1593
1040 1594
1745 1595
945 1596
8184 1597
4302 1598
2390 1599
2111 1600
3602 1601
643 1602
3095 1603
6437 1604
8123 1605
6281 1606
3038 1607
1744 1608
1528 1609
6819 1610
6791 1611
862 1612
1905 1613
8044 1614
7250 1615
2417 1616
147 1617
7195 1618
4230 1619
8735 1620
7558 1621
7418 1622
4136 1623
3486 1624
7662 1625
3879 1626
620 1627
5086 1628
7125 1629
3194 1630
3788 1631
6983 1632
4729 1633
9112 1634
7 1635
5748 1636
6706 1637
8248 1638
1131 1639
4080 1640
6758 1641
9876 1642
3942 1643
9376 1644
3968 1645
2690 1646
7097 1647
1409 1648
1567 1649
3427 1650
3006 1651
4852 1652
4683 1653
267 1654
8972 1655
5719 1656
3262 1657
9475 1658
905 1659
871 1660
5664 1661
156 1662
9759 1663
82 1664
2995 1665
1765 1666
8642 1667
7697 1668
1184 1669
7710 1670
9489 1671
5045 1672
7201 1673
3981 1674
2346 1675
4946 1676
7953 1677
609 1678
8931 1679
266 1680
1009 1681
3366 1682
102 1683
7067 1684
1421 1685
7177 1686
2941 1687
5547 1688
2974 1689
2668 1690
735 1691
6546 1692
6177 1693
2411 1694
4057 1695
8970 1696
1144 1697
7488 1698
6065 1699
9283 1700
7679 1701
1732 1702
8503 1703
7818 1704
4290 1705
3031 1706
652 1707
4282 1708
3612 1709
7971 1710
3511 1711
5971 1712
6787 1713
4732 1714
6710 1715
7226 1716
4883 1717
7770 1718
2594 1719
1954 1720
4648 1721
7033 1722
2039 1723
57 1724
8560 1725
9536 1726
8914 1727
1750 1728
3056 1729
3906 1730
363 1731
2738 1732
8758 1733
802 1734
1509 1735
6116 1736
5055 1737
5818 1738
1300 1739
6562 1740
2682 1741
3294 1742
6239 1743
516 1744
2812 1745
5052 1746
5045 1747
6875 1748
8629 1749
2327 1750
5284 1751
3394 1752
1731 1753
420 1754
2232 1755
3508 1756
3621 1757
8996 1758
130 1759
9838 1760
9907 1761
4611 1762
7881 1763
6150 1764
8973 1765
9456 1766
6485 1767
1437 1768
9361 1769
3710 1770
4985 1771
2353 1772
577 1773
219 1774
1616 1775
1974 1776
5828 1777
9519 1778
8348 1779
4485 1780
9899 1781
711 1782
6843 1783
2709 1784
3270 1785
6643 1786
2523 1787
1466 1788
4153 1789
5068 1790
1983 1791
5195 1792
8474 1793
234 1794
5987 1795
8376 1796
9324 1797
5653 1798
6044 1799
6892 1800
5440 1801
5739 1802
3428 1803
1919 1804
7466 1805
1969 1806
9860 1807
8960 1808
9874 1809
3133 1810
882 1811
8225 1812
685 1813
3444 1814
9438 1815
2210 1816
1147 1817
1023 1818
680 1819
9891 1820
4930 1821
8227 1822
7860 1823
8628 1824
1131 1825
4609 1826
5840 1827
6895 1828
7259 1829
9707 1830
213 1831
7833 1832
6053 1833
744 1834
2140 1835
2453 1836
7197 1837
2426 1838
3059 1839
6170 1840
128 1841
6862 1842
5168 1843
4886 1844
2195 1845
628 1846
8182 1847
8594 1848
7305 1849
7616 1850
9958 1851
7207 1852
1641 1853
5760 1854
3015 1855
3185 1856
7551 1857
3070 1858
4089 1859
6116 1860
2210 1861
1512 1862
6422 1863
8461 1864
5094 1865
3534 1866
2122 1867
842 1868
2835 1869
588 1870
5172 1871
3308 1872
1829 1873
410 1874
7518 1875
2028 1876
2085 1877
4720 1878
58 1879
3564 1880
2056 1881
1981 1882
1869 1883
5999 1884
4727 1885
74 1886
5649 1887
763 1888
1311 1889
2458 1890
6709 1891
2910 1892
7289 1893
4389 1894
1207 1895
3519 1896
6525 1897
4886 1898
933 1899
5366 1900
6658 1901
2273 1902
5872 1903
1695 1904
3049 1905
4984 1906
8035 1907
299 1908
8923 1909
4368 1910
6691 1911
9368 1912
3008 1913
8416 1914
1718 1915
5778 1916
8306 1917
1466 1918
8601 1919
3801 1920
7745 1921
5581 1922
5165 1923
5541 1924
3128 1925
1242 1926
1281 1927
1063 1928
7136 1929
2613 1930
1622 1931
9538 1932
7396 1933
9487 1934
8399 1935
7658 1936
7460 1937
7762 1938
2311 1939
1116 1940
4333 1941
9500 1942
2648 1943
7102 1944
8905 1945
9951 1946
1369 1947
5752 1948
5716 1949
2584 1950
9352 1951
5283 1952
6095 1953
9519 1954
9176 1955
4737 1956
8504 1957
7326 1958
3532 1959
6926 1960
2089 1961
4966 1962
6565 1963
5493 1964
8527 1965
8286 1966
4472 1967
8070 1968
1566 1969
190 1970
6964 1971
1750 1972
5316 1973
3467 1974
8834 1975
5639 1976
3019 1977
8355 1978
2637 1979
2058 1980
5043 1981
1196 1982
21 1983
4274 1984
128 1985
7319 1986
5023 1987
2619 1988
4175 1989
8555 1990
3951 1991
251 1992
1070 1993
10000 1994
8089 1995
7831 1996
4445 1997
5384 1998
2147 1999
1417 2000
4704 2001
2453 2002
2399 2003
9169 2004
6390 2005
9207 2006
1864 2007
7162 2008
2527 2009
6900 2010
6667 2011
2223 2012
5289 2013
189 2014
137 2015
7613 2016
1979 2017
3535 2018
7241 2019
6538 2020
2886 2021
423 2022
1475 2023
1798 2024
2137 2025
8970 2026
618 2027
8081 2028
1524 2029
2612 2030
6890 2031
8430 2032
6272 2033
3470 2034
51 2035
5574 2036
2989 2037
310 2038
4691 2039
7168 2040
6363 2041
362 2042
2859 2043
6239 2044
4669 2045
7572 2046
6635 2047
5452 2048
3850 2049
1453 2050
4160 2051
9702 2052
1062 2053
3547 2054
1375 2055
9032 2056
1713 2057
1869 2058
1298 2059
4698 2060
2590 2061
1385 2062
7106 2063
8682 2064
6807 2065
899 2066
2373 2067
9020 2068
5295 2069
7185 2070
5979 2071
8927 2072
7368 2073
9484 2074
1636 2075
3795 2076
3382 2077
3706 2078
1092 2079
4024 2080
9076 2081
8634 2082
9593 2083
3320 2084
9877 2085
1967 2086
1868 2087
1032 2088
3518 2089
5729 2090
8294 2091
298 2092
2450 2093
1008 2094
310 2095
9527 2096
4141 2097
1130 2098
80 2099
2795 2100
9942 2101
3663 2102
727 2103
1793 2104
5679 2105
6516 2106
4446 2107
5969 2108
846 2109
6837 2110
9724 2111
7336 2112
5521 2113
302 2114
1150 2115
2759 2116
8653 2117
8235 2118
5809 2119
190 2120
4104 2121
8014 2122
9105 2123
7194 2124
2360 2125
8673 2126
1419 2127
1628 2128
1707 2129
7597 2130
7674 2131
1580 2132
8 2133
394 2134
9648 2135
8430 2136
7030 2137
5208 2138
3762 2139
3540 2140
7388 2141
7565 2142
6154 2143
9940 2144
9417 2145
7024 2146
231 2147
4779 2148
1461 2149
6630 2150
3463 2151
6674 2152
5623 2153
3227 2154
1176 2155
4625 2156
24 2157
1156 2158
2764 2159
1729 2160
8535 2161
1394 2162
7915 2163
5286 2164
559 2165
5912 2166
9789 2167
9276 2168
9991 2169
2513 2170
312 2171
4209 2172
856 2173
1612 2174
1414 2175
5236 2176
9828 2177
9802 2178
3723 2179
1373 2180
7124 2181
2714 2182
9734 2183
6733 2184
5827 2185
1841 2186
4054 2187
1527 2188
2362 2189
3120 2190
8543 2191
4351 2192
8187 2193
6193 2194
7356 2195
2449 2196
7570 2197
3875 2198
8375 2199
853 2200
5960 2201
2422 2202
1383 2203
5378 2204
2778 2205
2584 2206
5642 2207
4401 2208
3114 2209
5602 2210
2307 2211
5924 2212
9844 2213
2701 2214
1397 2215
1622 2216
2532 2217
3065 2218
7233 2219
8228 2220
1046 2221
1582 2222
5900 2223
7325 2224
894 2225
6100 2226
805 2227
1302 2228
7305 2229
3057 2230
2805 2231
225 2232
1939 2233
7665 2234
2520 2235
5838 2236
1130 2237
907 2238
7451 2239
1922 2240
2307 2241
3969 2242
455 2243
1512 2244
8572 2245
696 2246
8173 2247
4214 2248
3618 2249
377 2250
6769 2251
289 2252
8660 2253
1447 2254
1084 2255
1795 2256
8647 2257
9489 2258
4093 2259
2540 2260
4172 2261
7355 2262
9584 2263
534 2264
4991 2265
4168 2266
4754 2267
6846 2268
8640 2269
427 2270
6260 2271
2832 2272
9431 2273
2111 2274
894 2275
913 2276
4244 2277
386 2278
1653 2279
2387 2280
869 2281
457 2282
2512 2283
9125 2284
4236 2285
7200 2286
519 2287
6681 2288
4576 2289
706 2290
9613 2291
2715 2292
7330 2293
3016 2294
5392 2295
7166 2296
547 2297
7669 2298
1214 2299
6584 2300
1717 2301
4577 2302
2731 2303
5473 2304
415 2305
1507 2306
1840 2307
8296 2308
1476 2309
7813 2310
8070 2311
2871 2312
3366 2313
9795 2314
7027 2315
6921 2316
7094 2317
1220 2318
5268 2319
9752 2320
1872 2321
5597 2322
2476 2323
1915 2324
9621 2325
1410 2326
1548 2327
7120 2328
1337 2329
1566 2330
4980 2331
7398 2332
3215 2333
4676 2334
8328 2335
1503 2336
1249 2337
2375 2338
3606 2339
292 2340
6868 2341
2439 2342
1063 2343
4634 2344
251 2345
9773 2346
2213 2347
1715 2348
1931 2349
1002 2350
1036 2351
9320 2352
9327 2353
4283 2354
1587 2355
549 2356
3101 2357
1791 2358
1245 2359
5173 2360
5688 2361
1835 2362
8459 2363
8560 2364
743 2365
1630 2366
2996 2367
5890 2368
5222 2369
9201 2370
9224 2371
4926 2372
7932 2373
7778 2374
7217 2375
1027 2376
6269 2377
7121 2378
8219 2379
1245 2380
8193 2381
9161 2382
934 2383
8703 2384
3029 2385
7315 2386
2410 2387
4256 2388
4576 2389
232 2390
3386 2391
2180 2392
296 2393
2118 2394
6779 2395
1805 2396
8358 2397
6997 2398
5783 2399
8608 2400
2295 2401
9674 2402
2749 2403
5453 2404
9700 2405
3532 2406
3916 2407
7642 2408
7301 2409
6229 2410
688 2411
8479 2412
1778 2413
666 2414
5483 2415
5607 2416
2970 2417
2287 2418
3128 2419
1141 2420
1767 2421
8997 2422
3212 2423
6773 2424
1921 2425
3093 2426
7166 2427
7493 2428
6562 2429
4690 2430
3144 2431
1251 2432
1418 2433
2986 2434
2030 2435
3753 2436
885 2437
6221 2438
9791 2439
6151 2440
985 2441
5762 2442
4586 2443
5007 2444
3332 2445
8373 2446
9843 2447
7207 2448
902 2449
5525 2450
8485 2451
5162 2452
4378 2453
4398 2454
6138 2455
896 2456
4619 2457
6946 2458
4025 2459
3984 2460
2309 2461
973 2462
8944 2463
419 2464
8217 2465
2601 2466
8706 2467
6938 2468
9413 2469
7487 2470
9810 2471
1538 2472
3331 2473
8655 2474
3137 2475
9351 2476
1649 2477
7490 2478
1045 2479
5064 2480
2481 2481
9326 2482
8714 2483
5513 2484
1329 2485
6170 2486
4989 2487
9806 2488
6350 2489
9059 2490
6631 2491
8263 2492
4533 2493
9998 2494
8918 2495
8790 2496
75 2497
5182 2498
9906 2499
745 2500
2429 2501
4088 2502
9119 2503
6564 2504
8714 2505
8278 2506
5054 2507
2495 2508
3039 2509
5577 2510
6297 2511
208 2512
7891 2513
7490 2514
607 2515
5546 2516
2453 2517
867 2518
4460 2519
2070 2520
2370 2521
6321 2522
4205 2523
7008 2524
4156 2525
1036 2526
1747 2527
9590 2528
5511 2529
1667 2530
3782 2531
8909 2532
3526 2533
3442 2534
4731 2535
5605 2536
6037 2537
5037 2538
8377 2539
9581 2540
4728 2541
8081 2542
216 2543
825 2544
8452 2545
5321 2546
1979 2547
5539 2548
7868 2549
5695 2550
6656 2551
6801 2552
768 2553
7123 2554
2534 2555
3830 2556
240 2557
177 2558
5214 2559
9355 2560
5879 2561
6190 2562
2277 2563
8254 2564
8278 2565
9779 2566
6609 2567
2507 2568
2574 2569
8077 2570
3865 2571
2683 2572
8691 2573
8340 2574
2058 2575
1803 2576
5549 2577
9626 2578
3367 2579
5470 2580
8608 2581
215 2582
3857 2583
885 2584
7998 2585
1363 2586
8424 2587
2030 2588
2139 2589
2467 2590
7280 2591
7931 2592
9826 2593
2696 2594
1127 2595
6373 2596
5943 2597
5220 2598
3815 2599
2736 2600
1196 2601
9742 2602
1607 2603
800 2604
583 2605
6504 2606
2950 2607
9644 2608
628 2609
7647 2610
7403 2611
2243 2612
2151 2613
6338 2614
7446 2615
5596 2616
581 2617
2135 2618
4171 2619
1842 2620
4580 2621
4235 2622
545 2623
2944 2624
7136 2625
8329 2626
6022 2627
2249 2628
527 2629
4236 2630
2821 2631
2299 2632
2071 2633
9416 2634
4410 2635
2629 2636
814 2637
6150 2638
6965 2639
1399 2640
3506 2641
6430 2642
9438 2643
1384 2644
3499 2645
3866 2646
1752 2647
8910 2648
5102 2649
9576 2650
1400 2651
2121 2652
5347 2653
5233 2654
2248 2655
8097 2656
4889 2657
1736 2658
4743 2659
9026 2660
6952 2661
1957 2662
276 2663
4981 2664
3735 2665
5218 2666
4411 2667
3793 2668
7935 2669
4901 2670
7278 2671
4657 2672
6832 2673
8992 2674
1384 2675
1959 2676
8563 2677
7717 2678
7438 2679
3185 2680
6511 2681
7022 2682
4455 2683
2492 2684
368 2685
4796 2686
4270 2687
407 2688
8533 2689
4766 2690
3333 2691
2313 2692
4889 2693
3093 2694
1932 2695
3413 2696
7556 2697
1238 2698
6466 2699
1308 2700
8018 2701
6575 2702
7242 2703
323 2704
3317 2705
4317 2706
642 2707
3352 2708
2470 2709
7933 2710
881 2711
8559 2712
5362 2713
2081 2714
7007 2715
8434 2716
4787 2717
7382 2718
1434 2719
1896 2720
6348 2721
1844 2722
6086 2723
1877 2724
7689 2725
245 2726
9252 2727
5235 2728
7734 2729
5834 2730
1990 2731
190 2732
815 2733
1802 2734
4849 2735
2614 2736
4040 2737
8428 2738
8404 2739
5713 2740
2334 2741
1368 2742
328 2743
5712 2744
9502 2745
3865 2746
5449 2747
659 2748
5732 2749
5333 2750
7669 2751
3439 2752
3910 2753
7824 2754
8322 2755
4414 2756
690 2757
2829 2758
7268 2759
4167 2760
8533 2761
567 2762
3423 2763
1312 2764
830 2765
1871 2766
2730 2767
9058 2768
147 2769
551 2770
9653 2771
7820 2772
8946 2773
3839 2774
1436 2775
1402 2776
2378 2777
1917 2778
2732 2779
1271 2780
9547 2781
3346 2782
4310 2783
9217 2784
7931 2785
6299 2786
6386 2787
9084 2788
8443 2789
6453 2790
3958 2791
7242 2792
2586 2793
4037 2794
8694 2795
8009 2796
712 2797
2118 2798
6462 2799
2189 2800
5613 2801
4180 2802
4862 2803
5376 2804
5082 2805
2441 2806
8965 2807
167 2808
3040 2809
5590 2810
65 2811
4839 2812
3488 2813
1237 2814
102 2815
1192 2816
5188 2817
7900 2818
3182 2819
3672 2820
6412 2821
3540 2822
7471 2823
2035 2824
2587 2825
811 2826
9523 2827
3314 2828
627 2829
6839 2830
5188 2831
625 2832
13 2833
8780 2834
8294 2835
9318 2836
2734 2837
2160 2838
6154 2839
9854 2840
599 2841
7436 2842
9680 2843
7322 2844
5100 2845
3942 2846
8428 2847
1867 2848
8055 2849
3693 2850
4333 2851
1193 2852
349 2853
4404 2854
2298 2855
9434 2856
6833 2857
6963 2858
4189 2859
1649 2860
4424 2861
1610 2862
3765 2863
1829 2864
8525 2865
8087 2866
2470 2867
1972 2868
7574 2869
1402 2870
9812 2871
4392 2872
2535 2873
4279 2874
4832 2875
4377 2876
69 2877
1516 2878
81 2879
5362 2880
6205 2881
4548 2882
2023 2883
3288 2884
4150 2885
1707 2886
5869 2887
872 2888
9221 2889
4531 2890
925 2891
2672 2892
7936 2893
966 2894
1688 2895
8274 2896
852 2897
9037 2898
9238 2899
9829 2900
7258 2901
2624 2902
9690 2903
5484 2904
3624 2905
8911 2906
2569 2907
1354 2908
6068 2909
3600 2910
3261 2911
5270 2912
7679 2913
4538 2914
9462 2915
9596 2916
3695 2917
8770 2918
7488 2919
8324 2920
941 2921
7060 2922
58 2923
1895 2924
673 2925
7956 2926
326 2927
2975 2928
602 2929
2837 2930
397 2931
1838 2932
5891 2933
8938 2934
181 2935
8146 2936
7010 2937
5627 2938
8197 2939
535 2940
9986 2941
3258 2942
5271 2943
6798 2944
6115 2945
6471 2946
2575 2947
5613 2948
6849 2949
2961 2950
6636 2951
2614 2952
1555 2953
9598 2954
7405 2955
61 2956
1364 2957
1820 2958
1222 2959
7796 2960
5911 2961
9432 2962
4307 2963
3881 2964
2327 2965
3040 2966
3084 2967
706 2968
3133 2969
7460 2970
8041 2971
2824 2972
7925 2973
3138 2974
3592 2975
5698 2976
5219 2977
7427 2978
9389 2979
2067 2980
2386 2981
5071 2982
4665 2983
9575 2984
685 2985
5928 2986
7038 2987
4841 2988
6258 2989
6918 2990
7793 2991
9609 2992
8819 2993
271 2994
353 2995
5997 2996
3567 2997
8281 2998
2072 2999
4805 3000
6337 3001
6178 3002
6688 3003
9891 3004
2439 3005
8240 3006
5879 3007
5499 3008
1526 3009
453 3010
3414 3011
6615 3012
6603 3013
8246 3014
334 3015
8350 3016
3557 3017
1340 3018
9588 3019
838 3020
4210 3021
1658 3022
3631 3023
4135 3024
3127 3025
2767 3026
8943 3027
7922 3028
4132 3029
7599 3030
8224 3031
9858 3032
2726 3033
589 3034
8048 3035
9266 3036
2527 3037
4220 3038
1661 3039
8576 3040
4403 3041
2870 3042
9186 3043
8304 3044
3941 3045
748 3046
7044 3047
6931 3048
8226 3049
1552 3050
1176 3051
4041 3052
7131 3053
639 3054
4199 3055
4869 3056
6537 3057
8611 3058
8740 3059
6321 3060
9452 3061
1816 3062
29 3063
8594 3064
2308 3065
7165 3066
8753 3067
940 3068
1940 3069
9085 3070
2338 3071
2313 3072
1588 3073
2431 3074
2266 3075
8646 3076
9126 3077
3194 3078
8370 3079
8319 3080
8347 3081
7629 3082
4481 3083
5676 3084
7847 3085
8046 3086
5138 3087
8620 3088
1282 3089
2690 3090
2201 3091
4785 3092
2480 3093
9645 3094
3383 3095
2587 3096
9620 3097
9418 3098
6460 3099
1834 3100
5344 3101
428 3102
9485 3103
2942 3104
880 3105
9462 3106
9238 3107
546 3108
5032 3109
4088 3110
9761 3111
8825 3112
7642 3113
5531 3114
7671 3115
1127 3116
8397 3117
415 3118
3959 3119
5506 3120
731 3121
6931 3122
37 3123
1066 3124
1545 3125
3845 3126
3285 3127
5655 3128
4796 3129
2363 3130
8152 3131
5795 3132
2154 3133
2033 3134
4854 3135
1704 3136
2911 3137
1955 3138
7709 3139
4907 3140
6513 3141
4286 3142
4072 3143
8073 3144
5430 3145
1026 3146
5476 3147
2704 3148
7269 3149
7706 3150
8351 3151
6193 3152
2778 3153
6463 3154
9521 3155
8149 3156
798 3157
602 3158
448 3159
462 3160
9110 3161
6985 3162
767 3163
3599 3164
1002 3165
6196 3166
9302 3167
1454 3168
1145 3169
4944 3170
9080 3171
8489 3172
411 3173
2531 3174
8800 3175
8999 3176
1095 3177
3081 3178
878 3179
4113 3180
471 3181
1159 3182
7873 3183
7425 3184
9224 3185
686 3186
645 3187
4873 3188
4230 3189
1218 3190
4687 3191
214 3192
5592 3193
236 3194
3334 3195
2951 3196
8664 3197
6941 3198
1093 3199
57 3200
4646 3201
2195 3202
238 3203
517 3204
4477 3205
4385 3206
8849 3207
7852 3208
5157 3209
4938 3210
5117 3211
9825 3212
9387 3213
974 3214
2262 3215
952 3216
6398 3217
4968 3218
9960 3219
5310 3220
8891 3221
6583 3222
459 3223
1433 3224
1180 3225
1644 3226
4839 3227
1249 3228
2204 3229
2339 3230
8666 3231
5920 3232
5310 3233
3446 3234
1864 3235
7142 3236
3983 3237
8830 3238
6530 3239
5887 3240
9896 3241
8571 3242
3226 3243
7401 3244
2921 3245
8630 3246
358 3247
4608 3248
1763 3249
8949 3250
2275 3251
461 3252
2740 3253
2703 3254
5163 3255
5647 3256
7336 3257
2864 3258
826 3259
4520 3260
9598 3261
5583 3262
9566 3263
6299 3264
633 3265
2703 3266
8429 3267
8676 3268
5112 3269
7203 3270
6028 3271
5977 3272
1497 3273
9157 3274
1261 3275
2399 3276
9193 3277
1800 3278
1176 3279
2305 3280
7310 3281
1004 3282
8957 3283
5484 3284
2953 3285
9011 3286
5304 3287
8766 3288
3894 3289
898 3290
631 3291
6785 3292
3574 3293
7753 3294
1512 3295
8994 3296
5407 3297
2710 3298
7126 3299
663 3300
6034 3301
423 3302
1702 3303
6001 3304
6206 3305
1680 3306
6301 3307
9005 3308
7235 3309
7740 3310
6676 3311
2961 3312
8937 3313
2710 3314
1327 3315
2470 3316
8690 3317
6218 3318
330 3319
1712 3320
6285 3321
3176 3322
9076 3323
6230 3324
7772 3325
7817 3326
9633 3327
9582 3328
2793 3329
2181 3330
7243 3331
4504 3332
1364 3333
5604 3334
7017 3335
9919 3336
3104 3337
7091 3338
3683 3339
3867 3340
831 3341
8826 3342
9620 3343
4346 3344
4299 3345
2683 3346
5568 3347
5968 3348
2791 3349
8462 3350
6024 3351
3180 3352
7237 3353
8635 3354
2012 3355
2430 3356
585 3357
8791 3358
929 3359
9718 3360
1549 3361
1331 3362
787 3363
6830 3364
7702 3365
1136 3366
1148 3367
2235 3368
1335 3369
2312 3370
5302 3371
560 3372
214 3373
7017 3374
1245 3375
9235 3376
4956 3377
8275 3378
7817 3379
9156 3380
80 3381
2229 3382
1115 3383
3483 3384
7846 3385
483 3386
1845 3387
7425 3388
4083 3389
9882 3390
9807 3391
1602 3392
4964 3393
1879 3394
791 3395
1202 3396
8096 3397
6069 3398
5144 3399
7998 3400
1180 3401
5765 3402
5775 3403
6820 3404
2062 3405
467 3406
4666 3407
2021 3408
9764 3409
2806 3410
8001 3411
441 3412
1829 3413
1896 3414
1738 3415
708 3416
9272 3417
5127 3418
6472 3419
2952 3420
5091 3421
9884 3422
8083 3423
747 3424
231 3425
7050 3426
6846 3427
2571 3428
2043 3429
7337 3430
9157 3431
1103 3432
213 3433
147 3434
1813 3435
79 3436
5040 3437
1374 3438
7633 3439
6567 3440
3179 3441
3868 3442
7073 3443
2391 3444
1294 3445
1423 3446
3134 3447
6255 3448
8275 3449
481 3450
7580 3451
9370 3452
1346 3453
7171 3454
4982 3455
5976 3456
1836 3457
6036 3458
4033 3459
8353 3460
8253 3461
1460 3462
1818 3463
454 3464
8844 3465
1354 3466
7313 3467
4698 3468
4261 3469
2595 3470
5306 3471
3889 3472
5257 3473
2252 3474
2545 3475
4503 3476
2643 3477
9890 3478
3486 3479
9300 3480
4447 3481
8727 3482
7881 3483
2271 3484
5334 3485
6312 3486
8832 3487
6657 3488
7101 3489
3997 3490
1223 3491
2892 3492
7423 3493
2848 3494
5327 3495
1036 3496
8616 3497
2321 3498
8266 3499
1964 3500
6819 3501
6570 3502
7486 3503
4475 3504
582 3505
8559 3506
1880 3507
432 3508
7565 3509
7032 3510
83 3511
7868 3512
212 3513
5250 3514
5577 3515
1408 3516
457 3517
5922 3518
904 3519
9935 3520
1713 3521
5900 3522
8313 3523
7461 3524
6697 3525
8259 3526
4830 3527
5608 3528
5600 3529
3650 3530
8921 3531
93 3532
724 3533
6394 3534
1381 3535
7662 3536
410 3537
1053 3538
4639 3539
9067 3540
8658 3541
9403 3542
3156 3543
7758 3544
3594 3545
9706 3546
8194 3547
3460 3548
402 3549
8043 3550
4343 3551
4569 3552
8655 3553
9914 3554
3455 3555
7491 3556
6900 3557
2343 3558
2876 3559
5778 3560
4238 3561
8515 3562
1782 3563
6998 3564
5967 3565
7517 3566
8838 3567
561 3568
525 3569
574 3570
5869 3571
7918 3572
508 3573
1441 3574
4810 3575
5315 3576
5449 3577
7719 3578
8748 3579
2035 3580
4232 3581
8761 3582
2469 3583
4327 3584
9281 3585
2944 3586
8592 3587
5342 3588
3606 3589
9330 3590
3892 3591
930 3592
1801 3593
3293 3594
376 3595
9213 3596
7291 3597
505 3598
9113 3599
1900 3600
9544 3601
2857 3602
8875 3603
4195 3604
6913 3605
5475 3606
1789 3607
8498 3608
6698 3609
9184 3610
1280 3611
438 3612
8533 3613
357 3614
7705 3615
9058 3616
5006 3617
3395 3618
6692 3619
8607 3620
1609 3621
1341 3622
9707 3623
3761 3624
5625 3625
5864 3626
2024 3627
1277 3628
7586 3629
5511 3630
6104 3631
9880 3632
1681 3633
6216 3634
752 3635
7570 3636
8123 3637
6184 3638
1012 3639
4739 3640
3859 3641
9966 3642
6390 3643
3364 3644
3568 3645
1927 3646
2651 3647
6385 3648
5614 3649
1182 3650
8980 3651
733 3652
6612 3653
8383 3654
6796 3655
7510 3656
4182 3657
2844 3658
2301 3659
1883 3660
7259 3661
3343 3662
1113 3663
1548 3664
2290 3665
4929 3666
2389 3667
6337 3668
6368 3669
602 3670
1272 3671
318 3672
1821 3673
7434 3674
7397 3675
741 3676
1585 3677
3223 3678
84 3679
12 3680
8185 3681
4952 3682
7704 3683
3168 3684
9070 3685
50 3686
1805 3687
8730 3688
472 3689
9585 3690
576 3691
1121 3692
4862 3693
9929 3694
84 3695
32 3696
2945 3697
6477 3698
2930 3699
4026 3700
4794 3701
879 3702
8768 3703
7596 3704
7233 3705
7690 3706
4181 3707
1121 3708
8512 3709
813 3710
1884 3711
4187 3712
5399 3713
9320 3714
1671 3715
5985 3716
8657 3717
1052 3718
7718 3719
7284 3720
3095 3721
2942 3722
4473 3723
1542 3724
9235 3725
780 3726
3602 3727
701 3728
7432 3729
8148 3730
2542 3731
5556 3732
4064 3733
9825 3734
7109 3735
3940 3736
646 3737
5574 3738
4880 3739
8289 3740
5029 3741
1920 3742
7338 3743
9239 3744
5536 3745
3175 3746
5178 3747
1719 3748
5956 3749
1222 3750
6001 3751
6348 3752
1787 3753
1276 3754
5407 3755
2627 3756
130 3757
2066 3758
2426 3759
538 3760
8525 3761
429 3762
2418 3763
5544 3764
5754 3765
7062 3766
7310 3767
30 3768
5443 3769
7432 3770
8651 3771
7420 3772
5496 3773
8889 3774
375 3775
503 3776
9708 3777
4141 3778
777 3779
4298 3780
9071 3781
1048 3782
7219 3783
6874 3784
812 3785
6147 3786
282 3787
783 3788
6515 3789
9537 3790
6421 3791
1535 3792
138 3793
5314 3794
2005 3795
5533 3796
6192 3797
2871 3798
9492 3799
5394 3800
2306 3801
1110 3802
1217 3803
3387 3804
721 3805
3649 3806
634 3807
9396 3808
1859 3809
8578 3810
3115 3811
2882 3812
9785 3813
5066 3814
6583 3815
5895 3816
34 3817
6155 3818
5331 3819
9346 3820
6574 3821
4066 3822
1163 3823
4533 3824
9014 3825
3529 3826
4544 3827
3995 3828
2617 3829
7115 3830
3951 3831
1801 3832
7514 3833
7657 3834
8248 3835
7988 3836
9032 3837
1549 3838
8556 3839
644 3840
3230 3841
1582 3842
4024 3843
8024 3844
6332 3845
1235 3846
9474 3847
8218 3848
4917 3849
3099 3850
9506 3851
8580 3852
7708 3853
7181 3854
1331 3855
5379 3856
1960 3857
7307 3858
7066 3859
6331 3860
2559 3861
7548 3862
1158 3863
7099 3864
5714 3865
5161 3866
7512 3867
9954 3868
9670 3869
9224 3870
293 3871
2289 3872
1731 3873
2520 3874
7433 3875
9971 3876
1696 3877
7101 3878
383 3879
7500 3880
990 3881
5821 3882
5550 3883
2910 3884
3763 3885
7225 3886
3478 3887
8769 3888
1386 3889
7616 3890
2092 3891
7635 3892
6154 3893
4272 3894
7922 3895
7982 3896
8852 3897
7678 3898
9498 3899
7706 3900
8321 3901
2265 3902
6636 3903
7379 3904
7035 3905
1194 3906
9990 3907
5900 3908
2539 3909
8094 3910
2276 3911
5171 3912
2147 3913
3591 3914
10000 3915
9223 3916
572 3917
431 3918
2635 3919
7176 3920
2531 3921
1391 3922
5933 3923
4397 3924
6592 3925
8048 3926
6762 3927
3388 3928
4471 3929
8000 3930
1254 3931
1062 3932
5426 3933
3079 3934
3018 3935
7808 3936
9951 3937
9978 3938
4902 3939
7146 3940
1974 3941
1999 3942
8921 3943
3209 3944
2350 3945
5490 3946
7648 3947
8567 3948
416 3949
920 3950
171 3951
6382 3952
6235 3953
5378 3954
5926 3955
8337 3956
5210 3957
9220 3958
9303 3959
1100 3960
5715 3961
3190 3962
8083 3963
9533 3964
642 3965
9195 3966
2278 3967
8786 3968
5813 3969
8913 3970
3634 3971
4741 3972
633 3973
4488 3974
2567 3975
2438 3976
8389 3977
3798 3978
4309 3979
1687 3980
2021 3981
2394 3982
2094 3983
8254 3984
3402 3985
3983 3986
431 3987
9798 3988
8096 3989
484 3990
4576 3991
6679 3992
3024 3993
3514 3994
3546 3995
5095 3996
1767 3997
3261 3998
9128 3999
529 4000
3863 4001
2310 4002
1441 4003
9413 4004
4524 4005
816 4006
1798 4007
5920 4008
9890 4009
2299 4010
9591 4011
3486 4012
3333 4013
9214 4014
123 4015
6893 4016
536 4017
1423 4018
6063 4019
1588 4020
7786 4021
2423 4022
1790 4023
1763 4024
743 4025
3506 4026
530 4027
1117 4028
6891 4029
3045 4030
1226 4031
9331 4032
7868 4033
1523 4034
1836 4035
3283 4036
2712 4037
4129 4038
8141 4039
1105 4040
4844 4041
744 4042
5823 4043
8564 4044
7046 4045
9787 4046
9546 4047
789 4048
9742 4049
2346 4050
463 4051
6211 4052
6033 4053
3511 4054
9256 4055
5770 4056
4974 4057
6439 4058
4644 4059
5126 4060
7781 4061
4202 4062
5330 4063
7570 4064
2731 4065
2798 4066
6587 4067
3702 4068
9635 4069
5457 4070
7765 4071
4912 4072
1306 4073
5926 4074
7429 4075
2914 4076
1234 4077
1483 4078
4132 4079
3437 4080
7650 4081
8440 4082
598 4083
4796 4084
8267 4085
1802 4086
8231 4087
6964 4088
2958 4089
4320 4090
5287 4091
2650 4092
2652 4093
1974 4094
5608 4095
5398 4096
654 4097
2192 4098
4021 4099
3878 4100
4487 4101
2649 4102
5941 4103
5878 4104
166 4105
7837 4106
1552 4107
527 4108
7024 4109
2948 4110
1217 4111
8877 4112
4797 4113
129 4114
621 4115
3702 4116
4674 4117
3241 4118
9075 4119
8616 4120
1999 4121
663 4122
2884 4123
7841 4124
8938 4125
9487 4126
9173 4127
3509 4128
2204 4129
7265 4130
723 4131
7788 4132
8442 4133
6977 4134
6422 4135
314 4136
5143 4137
741 4138
9129 4139
4019 4140
3688 4141
6255 4142
6616 4143
9998 4144
1784 4145
1036 4146
9547 4147
3449 4148
1884 4149
3355 4150
5091 4151
78 4152
7770 4153
4946 4154
8883 4155
1780 4156
6054 4157
2222 4158
6705 4159
1449 4160
2477 4161
6009 4162
4300 4163
2495 4164
822 4165
6529 4166
6527 4167
7844 4168
5557 4169
4870 4170
2119 4171
2934 4172
5250 4173
5828 4174
2482 4175
7463 4176
6505 4177
1826 4178
6345 4179
1486 4180
2979 4181
1098 4182
8688 4183
1246 4184
469 4185
922 4186
5755 4187
8010 4188
9864 4189
778 4190
4595 4191
1001 4192
3241 4193
6224 4194
3384 4195
3063 4196
8465 4197
48 4198
6521 4199
1405 4200
6328 4201
1960 4202
3507 4203
9281 4204
6645 4205
1211 4206
8375 4207
2480 4208
762 4209
1899 4210
3775 4211
9420 4212
254 4213
2236 4214
2449 4215
8097 4216
8666 4217
1079 4218
6996 4219
1468 4220
2680 4221
3645 4222
3875 4223
8334 4224
792 4225
6141 4226
401 4227
8717 4228
1893 4229
5864 4230
1308 4231
7243 4232
6904 4233
5250 4234
7300 4235
9227 4236
331 4237
1531 4238
1262 4239
5106 4240
3649 4241
6623 4242
1156 4243
1323 4244
7988 4245
427 4246
831 4247
1614 4248
9295 4249
6641 4250
7128 4251
2321 4252
3262 4253
1662 4254
7451 4255
1854 4256
7026 4257
8265 4258
493 4259
2839 4260
6377 4261
191 4262
431 4263
6616 4264
637 4265
3949 4266
8531 4267
5869 4268
9676 4269
9341 4270
1055 4271
404 4272
9864 4273
2870 4274
3296 4275
963 4276
4143 4277
4445 4278
4001 4279
1629 4280
3822 4281
4800 4282
8924 4283
6593 4284
658 4285
8020 4286
5632 4287
3284 4288
3903 4289
9372 4290
900 4291
1280 4292
5333 4293
7134 4294
843 4295
9628 4296
943 4297
1537 4298
3256 4299
1998 4300
30 4301
6778 4302
8467 4303
9518 4304
1397 4305
9015 4306
8797 4307
7965 4308
5894 4309
5419 4310
5696 4311
5750 4312
2078 4313
9787 4314
1723 4315
8308 4316
6524 4317
1032 4318
8909 4319
3189 4320
4519 4321
3902 4322
1583 4323
1277 4324
6929 4325
7612 4326
4135 4327
6926 4328
8534 4329
1926 4330
5786 4331
1798 4332
5962 4333
1096 4334
2690 4335
1369 4336
1378 4337
9403 4338
1744 4339
7184 4340
2401 4341
2364 4342
5364 4343
434 4344
9494 4345
1803 4346
347 4347
2883 4348
36 4349
2434 4350
6872 4351
9915 4352
6499 4353
1639 4354
3526 4355
9768 4356
1317 4357
435 4358
9308 4359
2470 4360
8027 4361
1604 4362
4226 4363
4685 4364
8488 4365
1903 4366
4787 4367
6492 4368
5766 4369
2650 4370
20 4371
3173 4372
6504 4373
9418 4374
8788 4375
1609 4376
8800 4377
7016 4378
644 4379
2661 4380
9586 4381
5241 4382
9289 4383
9581 4384
1369 4385
4494 4386
7040 4387
616 4388
9561 4389
5065 4390
1 4391
764 4392
5796 4393
7490 4394
7703 4395
8700 4396
608 4397
9465 4398
463 4399
431 4400
7817 4401
3340 4402
831 4403
1875 4404
3027 4405
7531 4406
7465 4407
2353 4408
8323 4409
5866 4410
5023 4411
2451 4412
15 4413
5895 4414
3337 4415
9923 4416
2418 4417
2493 4418
2389 4419
150 4420
1941 4421
7784 4422
7263 4423
9625 4424
4891 4425
8009 4426
3602 4427
7114 4428
6235 4429
860 4430
2829 4431
6506 4432
1923 4433
7561 4434
8569 4435
6162 4436
3242 4437
1080 4438
4762 4439
756 4440
1991 4441
297 4442
4148 4443
5683 4444
9841 4445
5954 4446
5296 4447
3686 4448
1303 4449
7786 4450
6399 4451
552 4452
6257 4453
2758 4454
6782 4455
7412 4456
118 4457
3089 4458
5866 4459
7359 4460
4031 4461
9361 4462
2406 4463
2422 4464
7004 4465
136 4466
6955 4467
1370 4468
406 4469
9561 4470
5920 4471
2681 4472
9332 4473
988 4474
4170 4475
1023 4476
2338 4477
3795 4478
7157 4479
9693 4480
814 4481
5102 4482
6915 4483
2009 4484
8453 4485
9275 4486
1653 4487
5797 4488
4655 4489
4162 4490
1160 4491
8260 4492
1878 4493
9520 4494
1585 4495
8122 4496
5884 4497
4627 4498
7965 4499
6996 4500
8685 4501
9286 4502
9122 4503
73 4504
4402 4505
9052 4506
570 4507
8527 4508
9992 4509
1218 4510
7249 4511
7312 4512
2737 4513
2368 4514
2812 4515
8862 4516
3689 4517
6209 4518
6844 4519
6997 4520
4508 4521
5860 4522
5476 4523
6640 4524
1334 4525
2081 4526
2935 4527
2399 4528
8683 4529
8864 4530
7366 4531
9463 4532
9768 4533
7222 4534
4425 4535
3722 4536
5161 4537
945 4538
4315 4539
713 4540
8973 4541
2375 4542
6843 4543
3688 4544
5527 4545
1786 4546
3984 4547
6849 4548
4646 4549
8622 4550
7500 4551
9307 4552
4055 4553
9854 4554
293 4555
7947 4556
5945 4557
1836 4558
896 4559
6284 4560
8353 4561
3880 4562
6415 4563
2124 4564
6256 4565
2691 4566
6524 4567
9431 4568
4098 4569
8019 4570
7398 4571
1495 4572
4663 4573
1001 4574
1852 4575
348 4576
2167 4577
1522 4578
8583 4579
6937 4580
2146 4581
2860 4582
6173 4583
8799 4584
2199 4585
1017 4586
8115 4587
7326 4588
5702 4589
7000 4590
83 4591
7961 4592
678 4593
7746 4594
2927 4595
2489 4596
2731 4597
2899 4598
3060 4599
773 4600
4835 4601
1434 4602
8370 4603
17 4604
4432 4605
1490 4606
7291 4607
5524 4608
1243 4609
5713 4610
5786 4611
4254 4612
1767 4613
8689 4614
4519 4615
7626 4616
3443 4617
8494 4618
8008 4619
9616 4620
9812 4621
8143 4622
6985 4623
2318 4624
2579 4625
1736 4626
2975 4627
6072 4628
5762 4629
7407 4630
8009 4631
5710 4632
8293 4633
8317 4634
8504 4635
1277 4636
9327 4637
584 4638
3889 4639
1832 4640
9706 4641
1071 4642
1329 4643
8089 4644
2763 4645
8230 4646
4368 4647
8482 4648
3429 4649
7394 4650
1753 4651
3817 4652
6701 4653
5415 4654
5497 4655
8628 4656
2734 4657
5856 4658
3654 4659
4241 4660
62 4661
8126 4662
8290 4663
1673 4664
993 4665
7302 4666
8400 4667
1045 4668
2380 4669
148 4670
4246 4671
9665 4672
9036 4673
9204 4674
9203 4675
7425 4676
9144 4677
8722 4678
7731 4679
4610 4680
5092 4681
7104 4682
4929 4683
5858 4684
1240 4685
2393 4686
9692 4687
1170 4688
961 4689
9923 4690
3085 4691
8058 4692
630 4693
4858 4694
2696 4695
478 4696
5053 4697
219 4698
1377 4699
8176 4700
5839 4701
4398 4702
2833 4703
9958 4704
1849 4705
8760 4706
6121 4707
942 4708
5829 4709
9759 4710
2950 4711
2559 4712
1432 4713
2975 4714
2437 4715
1362 4716
285 4717
2236 4718
2745 4719
7536 4720
2674 4721
1417 4722
412 4723
1053 4724
609 4725
2521 4726
194 4727
6182 4728
2659 4729
8709 4730
4548 4731
6759 4732
5632 4733
973 4734
9835 4735
6960 4736
825 4737
2658 4738
3658 4739
1481 4740
2489 4741
6051 4742
4081 4743
2195 4744
3817 4745
1862 4746
3600 4747
2881 4748
7140 4749
458 4750
777 4751
1399 4752
587 4753
4858 4754
8570 4755
8145 4756
665 4757
8389 4758
4393 4759
1688 4760
1593 4761
4844 4762
1584 4763
577 4764
9671 4765
8795 4766
1771 4767
998 4768
4244 4769
1483 4770
3343 4771
6040 4772
2478 4773
2967 4774
4286 4775
3925 4776
9215 4777
9358 4778
5368 4779
7127 4780
1557 4781
3225 4782
6244 4783
4206 4784
242 4785
3502 4786
3215 4787
3951 4788
5141 4789
4852 4790
8004 4791
4908 4792
2473 4793
7735 4794
1646 4795
4806 4796
5084 4797
206 4798
2570 4799
7408 4800
450 4801
5627 4802
6031 4803
9622 4804
1131 4805
2691 4806
4130 4807
1469 4808
1890 4809
2559 4810
7413 4811
509 4812
2504 4813
9058 4814
4545 4815
717 4816
5553 4817
6572 4818
9332 4819
14 4820
4829 4821
9423 4822
2220 4823
5371 4824
8745 4825
2464 4826
4917 4827
4318 4828
2679 4829
2671 4830
9103 4831
374 4832
6155 4833
1450 4834
2531 4835
312 4836
3000 4837
5295 4838
1591 4839
1860 4840
4475 4841
4529 4842
7665 4843
6362 4844
8165 4845
6061 4846
1257 4847
9005 4848
3263 4849
7566 4850
161 4851
7574 4852
2505 4853
7501 4854
1801 4855
7611 4856
9459 4857
77 4858
2606 4859
8146 4860
784 4861
470 4862
7347 4863
9089 4864
2600 4865
6816 4866
8515 4867
4200 4868
6317 4869
8738 4870
9285 4871
2673 4872
2432 4873
9836 4874
609 4875
2182 4876
8708 4877
2994 4878
5523 4879
452 4880
2948 4881
8714 4882
9966 4883
6495 4884
161 4885
4072 4886
4450 4887
9479 4888
3726 4889
1431 4890
6944 4891
553 4892
5871 4893
6843 4894
685 4895
4360 4896
4927 4897
2788 4898
9606 4899
8765 4900
1298 4901
7798 4902
4 4903
2029 4904
8522 4905
7319 4906
8992 4907
698 4908
5214 4909
3737 4910
2200 4911
1453 4912
1479 4913
5448 4914
1265 4915
4642 4916
701 4917
9238 4918
2512 4919
2132 4920
6258 4921
7814 4922
1188 4923
1659 4924
6397 4925
3541 4926
7142 4927
2003 4928
5578 4929
239 4930
5221 4931
1184 4932
4607 4933
7905 4934
2875 4935
4126 4936
6642 4937
6251 4938
6579 4939
3261 4940
3513 4941
4521 4942
8015 4943
13 4944
2402 4945
5778 4946
373 4947
8502 4948
85 4949
3760 4950
5738 4951
44 4952
4599 4953
2017 4954
5154 4955
6817 4956
5568 4957
5741 4958
7686 4959
1147 4960
2591 4961
3242 4962
8567 4963
5559 4964
2124 4965
9612 4966
2738 4967
942 4968
750 4969
2944 4970
933 4971
920 4972
8655 4973
3931 4974
9873 4975
4686 4976
5484 4977
2607 4978
7392 4979
9796 4980
4113 4981
5214 4982
5753 4983
8230 4984
9125 4985
1106 4986
1377 4987
8306 4988
4738 4989
6507 4990
9620 4991
4231 4992
4072 4993
7370 4994
1109 4995
2924 4996
1713 4997
5823 4998
9074 4999
533 5000
408 5001
2446 5002
5100 5003
7185 5004
3830 5005
1207 5006
3781 5007
9031 5008
2701 5009
1414 5010
7915 5011
8867 5012
4409 5013
9064 5014
4356 5015
5019 5016
8580 5017
8111 5018
3418 5019
2566 5020
9 5021
2951 5022
3193 5023
7007 5024
9259 5025
4170 5026
5334 5027
1239 5028
4919 5029
1793 5030
7699 5031
1497 5032
2470 5033
8541 5034
1456 5035
1426 5036
5288 5037
5173 5038
8692 5039
2689 5040
2254 5041
880 5042
8557 5043
1291 5044
742 5045
8661 5046
7988 5047
9281 5048
6236 5049
4801 5050
4164 5051
2966 5052
3935 5053
8377 5054
524 5055
5772 5056
1922 5057
2225 5058
4755 5059
8159 5060
2500 5061
6204 5062
2908 5063
2980 5064
7698 5065
980 5066
2330 5067
1011 5068
7419 5069
9773 5070
2662 5071
4146 5072
6245 5073
8421 5074
2494 5075
1268 5076
2094 5077
9711 5078
4960 5079
435 5080
3733 5081
7216 5082
9224 5083
5337 5084
1050 5085
137 5086
1142 5087
7365 5088
4196 5089
3318 5090
9444 5091
9964 5092
7201 5093
1782 5094
870 5095
2974 5096
1379 5097
6557 5098
6610 5099
7466 5100
3833 5101
9606 5102
3922 5103
4132 5104
9611 5105
5725 5106
5624 5107
999 5108
6667 5109
7500 5110
6529 5111
9510 5112
1080 5113
1828 5114
7997 5115
4135 5116
9572 5117
1774 5118
1982 5119
4706 5120
1048 5121
738 5122
9424 5123
934 5124
2679 5125
1912 5126
6856 5127
1709 5128
4401 5129
2494 5130
9743 5131
6481 5132
2889 5133
3321 5134
881 5135
2223 5136
7352 5137
7679 5138
3168 5139
8539 5140
7411 5141
741 5142
5823 5143
7012 5144
43 5145
7684 5146
908 5147
6281 5148
6932 5149
8113 5150
4621 5151
1260 5152
7512 5153
2045 5154
1279 5155
9510 5156
7340 5157
5098 5158
9083 5159
8267 5160
3252 5161
8592 5162
7130 5163
3439 5164
3858 5165
5758 5166
5514 5167
3002 5168
7301 5169
6213 5170
8609 5171
7176 5172
5424 5173
7729 5174
609 5175
2292 5176
9063 5177
4265 5178
9405 5179
8390 5180
2546 5181
2938 5182
5275 5183
1034 5184
9755 5185
5231 5186
8154 5187
5523 5188
8810 5189
2196 5190
3174 5191
2271 5192
7251 5193
9546 5194
3498 5195
653 5196
766 5197
5805 5198
8278 5199
2669 5200
5656 5201
6453 5202
913 5203
1591 5204
9320 5205
1882 5206
8832 5207
782 5208
8341 5209
2556 5210
8727 5211
1238 5212
6742 5213
1313 5214
4799 5215
1348 5216
1241 5217
5328 5218
5913 5219
1269 5220
1160 5221
9181 5222
6626 5223
6658 5224
5784 5225
9862 5226
1832 5227
130 5228
1316 5229
8542 5230
8732 5231
2432 5232
5915 5233
7800 5234
5608 5235
1695 5236
8629 5237
1734 5238
307 5239
7387 5240
9211 5241
5042 5242
6835 5243
6993 5244
136 5245
4494 5246
6994 5247
2834 5248
8266 5249
6103 5250
4211 5251
8740 5252
2141 5253
7151 5254
1575 5255
4906 5256
6602 5257
2778 5258
3372 5259
2502 5260
2428 5261
329 5262
3845 5263
2348 5264
2708 5265
8390 5266
9247 5267
3256 5268
4862 5269
943 5270
2259 5271
4162 5272
307 5273
2950 5274
1016 5275
8592 5276
1488 5277
552 5278
4763 5279
9437 5280
2726 5281
61 5282
961 5283
8553 5284
4259 5285
9552 5286
332 5287
1042 5288
4754 5289
4735 5290
5917 5291
3633 5292
5774 5293
3717 5294
7993 5295
1944 5296
2429 5297
5094 5298
6638 5299
42 5300
1515 5301
5515 5302
9319 5303
5403 5304
1396 5305
6239 5306
6815 5307
2058 5308
8774 5309
8216 5310
1187 5311
108 5312
2117 5313
5674 5314
3403 5315
6556 5316
9233 5317
489 5318
9850 5319
7935 5320
9190 5321
1981 5322
2755 5323
9084 5324
1170 5325
843 5326
191 5327
668 5328
8141 5329
3522 5330
3612 5331
7214 5332
2996 5333
2115 5334
760 5335
1487 5336
9541 5337
3604 5338
8031 5339
8648 5340
7490 5341
262 5342
1217 5343
8184 5344
4000 5345
8454 5346
1496 5347
2755 5348
2463 5349
3649 5350
8952 5351
699 5352
7855 5353
1196 5354
967 5355
270 5356
417 5357
1731 5358
1327 5359
4672 5360
7435 5361
784 5362
2562 5363
9627 5364
5696 5365
6990 5366
494 5367
3333 5368
7408 5369
782 5370
5025 5371
6545 5372
8508 5373
1194 5374
7214 5375
3703 5376
1533 5377
9881 5378
6224 5379
4088 5380
1333 5381
7842 5382
2175 5383
6061 5384
5365 5385
564 5386
5889 5387
6608 5388
2833 5389
453 5390
770 5391
1725 5392
3505 5393
2729 5394
8599 5395
6298 5396
7993 5397
1510 5398
2608 5399
5173 5400
492 5401
1173 5402
876 5403
861 5404
2988 5405
1260 5406
8946 5407
3859 5408
7941 5409
7402 5410
2364 5411
1650 5412
6907 5413
9762 5414
7622 5415
8525 5416
3633 5417
5308 5418
9416 5419
8904 5420
347 5421
2808 5422
5920 5423
7371 5424
7910 5425
6709 5426
3396 5427
3170 5428
1943 5429
2161 5430
295 5431
1783 5432
9889 5433
753 5434
7993 5435
8100 5436
3003 5437
2435 5438
820 5439
852 5440
2049 5441
2738 5442
1252 5443
1770 5444
2233 5445
5691 5446
6342 5447
5908 5448
7401 5449
1085 5450
8933 5451
4896 5452
7944 5453
5878 5454
8193 5455
464 5456
3970 5457
8812 5458
6881 5459
1419 5460
8816 5461
552 5462
2458 5463
4020 5464
6759 5465
3162 5466
7040 5467
7231 5468
2607 5469
7977 5470
7420 5471
7424 5472
8279 5473
9113 5474
1407 5475
2166 5476
2343 5477
2563 5478
9559 5479
3801 5480
7015 5481
5055 5482
5615 5483
7552 5484
1518 5485
7397 5486
9803 5487
406 5488
1677 5489
1093 5490
5 5491
8077 5492
1869 5493
3411 5494
1570 5495
515 5496
7862 5497
1847 5498
4168 5499
6917 5500
2305 5501
1796 5502
2435 5503
9633 5504
1121 5505
2951 5506
3446 5507
7488 5508
5949 5509
4130 5510
2064 5511
6644 5512
2881 5513
1418 5514
8895 5515
2926 5516
647 5517
4686 5518
8681 5519
5444 5520
8319 5521
9881 5522
7512 5523
5409 5524
5270 5525
2586 5526
3046 5527
5981 5528
22 5529
690 5530
4858 5531
9982 5532
9050 5533
8461 5534
6961 5535
2383 5536
7893 5537
7716 5538
6240 5539
2080 5540
8212 5541
7570 5542
7129 5543
9422 5544
3777 5545
4806 5546
1997 5547
612 5548
7961 5549
8489 5550
4625 5551
6066 5552
1248 5553
240 5554
2404 5555
7070 5556
7939 5557
9508 5558
2479 5559
137 5560
1199 5561
609 5562
77 5563
643 5564
7313 5565
3819 5566
2269 5567
48 5568
7053 5569
72 5570
6918 5571
1677 5572
9042 5573
2409 5574
7131 5575
4894 5576
1309 5577
6890 5578
9168 5579
522 5580
1470 5581
6365 5582
4844 5583
1609 5584
8952 5585
5970 5586
5934 5587
1948 5588
8013 5589
9035 5590
4564 5591
7087 5592
3881 5593
1261 5594
4586 5595
1115 5596
6941 5597
7144 5598
1504 5599
1390 5600
8816 5601
954 5602
9168 5603
15 5604
2033 5605
4993 5606
9086 5607
1900 5608
4383 5609
9776 5610
2913 5611
3334 5612
1164 5613
3764 5614
1185 5615
4720 5616
4448 5617
2375 5618
8688 5619
7556 5620
74 5621
2837 5622
1406 5623
407 5624
1692 5625
8269 5626
1400 5627
5006 5628
8072 5629
2826 5630
5218 5631
2944 5632
4533 5633
35 5634
9397 5635
2222 5636
7223 5637
7856 5638
2953 5639
2593 5640
3038 5641
5374 5642
6759 5643
1122 5644
6253 5645
1252 5646
2904 5647
3056 5648
1886 5649
727 5650
1202 5651
1101 5652
2388 5653
475 5654
2517 5655
5290 5656
2785 5657
8763 5658
7328 5659
84 5660
1753 5661
7610 5662
1370 5663
1791 5664
1158 5665
2955 5666
574 5667
2051 5668
2174 5669
351 5670
7797 5671
9668 5672
4610 5673
1565 5674
794 5675
5654 5676
7928 5677
1750 5678
3899 5679
5887 5680
8251 5681
6569 5682
8876 5683
2255 5684
7969 5685
2164 5686
2048 5687
1935 5688
9214 5689
8605 5690
7434 5691
9350 5692
1016 5693
3360 5694
9792 5695
5554 5696
7402 5697
9626 5698
6690 5699
6789 5700
5356 5701
2485 5702
2858 5703
3597 5704
4803 5705
2196 5706
7828 5707
88 5708
8293 5709
6066 5710
5471 5711
4727 5712
7824 5713
1414 5714
1525 5715
9315 5716
9051 5717
9402 5718
1560 5719
6622 5720
7565 5721
7932 5722
573 5723
4428 5724
8108 5725
4292 5726
493 5727
7937 5728
1417 5729
5927 5730
2762 5731
9580 5732
1691 5733
1084 5734
2015 5735
6468 5736
9385 5737
5389 5738
7227 5739
50 5740
4204 5741
4592 5742
799 5743
9936 5744
3251 5745
1046 5746
3829 5747
5808 5748
1545 5749
7107 5750
7252 5751
1712 5752
5556 5753
2848 5754
1090 5755
2172 5756
6191 5757
2510 5758
8121 5759
5957 5760
347 5761
2012 5762
9293 5763
3264 5764
3618 5765
3626 5766
1020 5767
2610 5768
9724 5769
5230 5770
6615 5771
5323 5772
8965 5773
8375 5774
6001 5775
2416 5776
14 5777
4449 5778
3189 5779
6654 5780
578 5781
8089 5782
9965 5783
1804 5784
5437 5785
5425 5786
2656 5787
832 5788
5944 5789
2469 5790
1963 5791
7172 5792
2472 5793
3999 5794
6116 5795
378 5796
4488 5797
2712 5798
8570 5799
7966 5800
20 5801
2849 5802
7409 5803
924 5804
2328 5805
817 5806
6301 5807
6385 5808
6423 5809
7647 5810
3565 5811
6470 5812
496 5813
1970 5814
7946 5815
346 5816
590 5817
7542 5818
4432 5819
5583 5820
4496 5821
9283 5822
1484 5823
6920 5824
8904 5825
2281 5826
5782 5827
7618 5828
9639 5829
526 5830
5233 5831
721 5832
4537 5833
9804 5834
9281 5835
4955 5836
6029 5837
436 5838
9868 5839
6603 5840
6392 5841
7095 5842
4404 5843
6799 5844
7626 5845
6263 5846
6852 5847
4099 5848
4465 5849
8745 5850
3833 5851
4065 5852
2653 5853
2110 5854
2483 5855
6617 5856
3588 5857
7682 5858
172 5859
8606 5860
8086 5861
9908 5862
8984 5863
673 5864
8675 5865
1927 5866
2926 5867
6290 5868
8252 5869
5337 5870
1206 5871
8372 5872
1128 5873
9058 5874
8947 5875
6113 5876
1976 5877
3599 5878
9747 5879
7598 5880
6109 5881
8384 5882
7604 5883
8079 5884
5976 5885
6302 5886
6473 5887
3758 5888
530 5889
8066 5890
6654 5891
9432 5892
3597 5893
3281 5894
2440 5895
5400 5896
2363 5897
3788 5898
2833 5899
2425 5900
3629 5901
7048 5902
530 5903
3078 5904
207 5905
232 5906
1457 5907
9812 5908
5538 5909
4500 5910
6030 5911
1459 5912
4634 5913
9012 5914
7976 5915
3584 5916
3705 5917
1261 5918
6838 5919
847 5920
4875 5921
2800 5922
851 5923
4807 5924
6388 5925
3727 5926
2857 5927
3022 5928
6663 5929
1457 5930
1745 5931
551 5932
8777 5933
6680 5934
7161 5935
2648 5936
1573 5937
7121 5938
9991 5939
2993 5940
3984 5941
6300 5942
3582 5943
4074 5944
1984 5945
4685 5946
5438 5947
9005 5948
7065 5949
2578 5950
4369 5951
6468 5952
9064 5953
4453 5954
7715 5955
1908 5956
355 5957
1140 5958
434 5959
4970 5960
9936 5961
9744 5962
663 5963
4788 5964
6758 5965
7699 5966
594 5967
2323 5968
2161 5969
3893 5970
2557 5971
2143 5972
4970 5973
6992 5974
9386 5975
2684 5976
1238 5977
962 5978
7038 5979
6924 5980
958 5981
7124 5982
4498 5983
2518 5984
8367 5985
2633 5986
4920 5987
373 5988
6914 5989
8841 5990
1707 5991
8756 5992
6143 5993
9423 5994
7146 5995
8952 5996
2621 5997
6991 5998
2198 5999
2350 6000
8349 6001
7291 6002
4794 6003
8983 6004
5369 6005
6920 6006
7835 6007
9536 6008
6 6009
4909 6010
8079 6011
6855 6012
5041 6013
5196 6014
67 6015
8668 6016
3658 6017
4612 6018
9463 6019
2932 6020
5626 6021
6966 6022
3389 6023
6900 6024
4842 6025
8310 6026
9779 6027
1020 6028
2327 6029
5493 6030
6285 6031
129 6032
8273 6033
1725 6034
6758 6035
3855 6036
8499 6037
4316 6038
5192 6039
2959 6040
4264 6041
4020 6042
4890 6043
5238 6044
9883 6045
4978 6046
5785 6047
7902 6048
1407 6049
3006 6050
8299 6051
3081 6052
3569 6053
3538 6054
2368 6055
770 6056
8427 6057
191 6058
2633 6059
8663 6060
9354 6061
4797 6062
3502 6063
6996 6064
8435 6065
1409 6066
3370 6067
9569 6068
6897 6069
6995 6070
666 6071
4592 6072
50 6073
5600 6074
4822 6075
975 6076
3571 6077
8702 6078
6543 6079
2053 6080
920 6081
8094 6082
474 6083
5707 6084
1504 6085
1703 6086
4635 6087
2279 6088
2121 6089
2049 6090
3574 6091
3713 6092
5328 6093
1614 6094
209 6095
1440 6096
940 6097
3760 6098
9502 6099
8629 6100
9548 6101
663 6102
5336 6103
3851 6104
1773 6105
153 6106
9020 6107
4364 6108
2336 6109
2023 6110
4634 6111
5192 6112
6028 6113
7198 6114
7756 6115
9858 6116
6640 6117
2491 6118
6359 6119
1115 6120
8443 6121
3443 6122
4255 6123
7699 6124
2160 6125
5010 6126
9103 6127
9724 6128
5188 6129
4930 6130
6585 6131
2162 6132
7418 6133
8910 6134
7691 6135
6232 6136
3905 6137
5223 6138
1348 6139
2629 6140
2700 6141
183 6142
1461 6143
239 6144
2 6145
836 6146
5706 6147
9814 6148
8167 6149
983 6150
5579 6151
5812 6152
6587 6153
4366 6154
1822 6155
6307 6156
2674 6157
1935 6158
5824 6159
3121 6160
8947 6161
8110 6162
9844 6163
6528 6164
7924 6165
2145 6166
859 6167
7776 6168
3751 6169
6017 6170
533 6171
2688 6172
6558 6173
9076 6174
1366 6175
658 6176
2340 6177
1033 6178
6444 6179
8480 6180
7263 6181
1219 6182
512 6183
2684 6184
4736 6185
9082 6186
7211 6187
4924 6188
6141 6189
8926 6190
651 6191
4517 6192
2818 6193
9693 6194
4455 6195
9479 6196
7699 6197
1431 6198
5375 6199
7834 6200
1445 6201
321 6202
9719 6203
1159 6204
6094 6205
1415 6206
7797 6207
458 6208
1977 6209
6853 6210
2041 6211
3990 6212
3246 6213
4055 6214
6781 6215
1354 6216
7746 6217
5055 6218
5149 6219
8627 6220
6587 6221
407 6222
1273 6223
4578 6224
7463 6225
7576 6226
457 6227
1231 6228
9822 6229
7418 6230
3648 6231
3534 6232
5492 6233
9117 6234
4147 6235
3281 6236
4403 6237
7800 6238
9916 6239
9726 6240
9609 6241
7791 6242
3898 6243
3107 6244
2958 6245
2698 6246
9115 6247
1991 6248
2233 6249
6788 6250
5853 6251
1122 6252
1715 6253
3154 6254
1714 6255
7280 6256
1916 6257
1157 6258
610 6259
8929 6260
6588 6261
4176 6262
1029 6263
3621 6264
1693 6265
9358 6266
81 6267
2295 6268
3799 6269
9486 6270
3216 6271
6327 6272
4300 6273
7617 6274
1670 6275
7820 6276
9686 6277
8246 6278
2418 6279
842 6280
8717 6281
4755 6282
3331 6283
6880 6284
1213 6285
7366 6286
4477 6287
7141 6288
8039 6289
5804 6290
5931 6291
8341 6292
2279 6293
2595 6294
1975 6295
9078 6296
6982 6297
7803 6298
6504 6299
64 6300
8577 6301
1779 6302
3371 6303
1436 6304
714 6305
6065 6306
3270 6307
1515 6308
3166 6309
6913 6310
9001 6311
1931 6312
2246 6313
930 6314
2614 6315
694 6316
3985 6317
4524 6318
3938 6319
4763 6320
2226 6321
8391 6322
6764 6323
3233 6324
4854 6325
8681 6326
1117 6327
9737 6328
57 6329
1646 6330
1729 6331
916 6332
9481 6333
6173 6334
693 6335
2309 6336
8043 6337
9912 6338
3169 6339
39 6340
9581 6341
36 6342
3049 6343
8130 6344
6236 6345
3258 6346
9758 6347
891 6348
9847 6349
9533 6350
3578 6351
8521 6352
308 6353
7292 6354
8940 6355
8767 6356
1489 6357
9099 6358
496 6359
3207 6360
6285 6361
2349 6362
2323 6363
571 6364
6472 6365
5445 6366
5670 6367
1210 6368
9384 6369
3598 6370
4096 6371
7865 6372
9869 6373
4070 6374
8921 6375
4552 6376
4168 6377
6722 6378
9076 6379
1655 6380
3367 6381
9647 6382
5357 6383
104 6384
4340 6385
9621 6386
9316 6387
7030 6388
1344 6389
7328 6390
1256 6391
407 6392
2794 6393
2882 6394
3111 6395
9982 6396
3188 6397
1331 6398
7893 6399
6484 6400
5127 6401
6906 6402
9803 6403
7464 6404
8645 6405
5057 6406
2850 6407
7924 6408
656 6409
6740 6410
1440 6411
9634 6412
1098 6413
10 6414
4802 6415
4511 6416
3052 6417
8456 6418
8539 6419
2575 6420
27 6421
274 6422
4716 6423
8337 6424
615 6425
9411 6426
2709 6427
1492 6428
790 6429
9614 6430
7130 6431
2554 6432
1265 6433
4518 6434
2297 6435
2700 6436
2509 6437
9691 6438
1243 6439
2750 6440
2077 6441
5766 6442
441 6443
5637 6444
4966 6445
2584 6446
386 6447
54 6448
2467 6449
1150 6450
5514 6451
8577 6452
6826 6453
8887 6454
2372 6455
1773 6456
2542 6457
2376 6458
756 6459
7141 6460
8582 6461
3968 6462
7790 6463
1620 6464
6623 6465
8152 6466
7379 6467
1597 6468
8973 6469
7022 6470
2381 6471
4079 6472
1480 6473
2226 6474
1768 6475
167 6476
2724 6477
2751 6478
5220 6479
5590 6480
4209 6481
6558 6482
2936 6483
3444 6484
8549 6485
7544 6486
2058 6487
6036 6488
8038 6489
955 6490
5148 6491
362 6492
3389 6493
3183 6494
1689 6495
6427 6496
5623 6497
1033 6498
1872 6499
7412 6500
3070 6501
1216 6502
1952 6503
270 6504
903 6505
6046 6506
1061 6507
656 6508
1965 6509
2712 6510
9825 6511
517 6512
9966 6513
6738 6514
8990 6515
9744 6516
2916 6517
2973 6518
7315 6519
5293 6520
1095 6521
3059 6522
7574 6523
2586 6524
2945 6525
3940 6526
5282 6527
5798 6528
9987 6529
2353 6530
3625 6531
2024 6532
3510 6533
1561 6534
3051 6535
8531 6536
6292 6537
5891 6538
7751 6539
1465 6540
6103 6541
8091 6542
3824 6543
318 6544
9794 6545
5248 6546
8420 6547
4206 6548
9631 6549
7022 6550
8026 6551
1489 6552
8537 6553
871 6554
746 6555
3869 6556
2508 6557
2503 6558
2434 6559
9101 6560
2569 6561
40 6562
1509 6563
9778 6564
990 6565
6931 6566
6182 6567
8311 6568
6421 6569
9160 6570
598 6571
1113 6572
6700 6573
1328 6574
5322 6575
8246 6576
1045 6577
9921 6578
4225 6579
8789 6580
4847 6581
1122 6582
9781 6583
7111 6584
8325 6585
9776 6586
5631 6587
3964 6588
5476 6589
3024 6590
1648 6591
9017 6592
755 6593
3525 6594
9885 6595
1944 6596
7118 6597
9620 6598
954 6599
5137 6600
7364 6601
1991 6602
5547 6603
584 6604
4531 6605
5519 6606
3223 6607
3639 6608
2207 6609
1789 6610
430 6611
1309 6612
3930 6613
131 6614
7276 6615
3495 6616
177 6617
9430 6618
6990 6619
2318 6620
3 6621
2006 6622
3301 6623
6001 6624
8600 6625
6514 6626
5209 6627
6724 6628
1023 6629
1510 6630
7151 6631
7849 6632
6328 6633
7558 6634
638 6635
5023 6636
2355 6637
575 6638
7678 6639
6376 6640
9065 6641
8924 6642
4850 6643
4815 6644
4234 6645
5719 6646
5384 6647
4217 6648
486 6649
5456 6650
607 6651
7003 6652
688 6653
1075 6654
3480 6655
6589 6656
9151 6657
373 6658
3888 6659
9246 6660
5511 6661
6831 6662
1964 6663
8600 6664
5049 6665
2238 6666
2166 6667
6501 6668
6614 6669
2602 6670
9640 6671
6881 6672
3001 6673
2597 6674
3558 6675
2050 6676
6789 6677
215 6678
8081 6679
7238 6680
172 6681
4984 6682
7753 6683
4092 6684
1347 6685
6973 6686
4610 6687
3398 6688
9362 6689
1815 6690
8890 6691
6028 6692
9840 6693
472 6694
9994 6695
7317 6696
6398 6697
8375 6698
1916 6699
4018 6700
8499 6701
1750 6702
8540 6703
8891 6704
1000 6705
5586 6706
881 6707
1614 6708
1845 6709
5530 6710
5054 6711
9989 6712
8524 6713
9412 6714
6260 6715
1048 6716
2243 6717
4333 6718
2059 6719
1283 6720
3480 6721
2448 6722
4208 6723
1592 6724
5249 6725
9672 6726
4945 6727
8 6728
6081 6729
8121 6730
8231 6731
9038 6732
2882 6733
8828 6734
2915 6735
2221 6736
7343 6737
2169 6738
7708 6739
108 6740
1632 6741
1466 6742
5096 6743
1518 6744
9356 6745
573 6746
4985 6747
5031 6748
8394 6749
7371 6750
298 6751
6716 6752
1353 6753
3687 6754
2090 6755
1850 6756
2193 6757
4025 6758
696 6759
457 6760
7097 6761
4059 6762
7712 6763
8882 6764
3851 6765
6995 6766
1476 6767
4463 6768
4676 6769
5363 6770
415 6771
5523 6772
9296 6773
173 6774
1638 6775
8650 6776
3158 6777
7339 6778
1040 6779
4593 6780
2959 6781
8190 6782
9511 6783
1177 6784
5661 6785
2918 6786
8576 6787
9640 6788
7578 6789
8241 6790
8535 6791
4065 6792
814 6793
5815 6794
3518 6795
1637 6796
4710 6797
1765 6798
2040 6799
3754 6800
1249 6801
6920 6802
1937 6803
8315 6804
5500 6805
1693 6806
3825 6807
1520 6808
2176 6809
7318 6810
5328 6811
6287 6812
6618 6813
1248 6814
3452 6815
4995 6816
7452 6817
6259 6818
7960 6819
1964 6820
7523 6821
7689 6822
1623 6823
8471 6824
1432 6825
8979 6826
1530 6827
1248 6828
7979 6829
2072 6830
5367 6831
7077 6832
2604 6833
95 6834
3467 6835
333 6836
1820 6837
1184 6838
4368 6839
3576 6840
9796 6841
1318 6842
4242 6843
2520 6844
6499 6845
6119 6846
4350 6847
6273 6848
2302 6849
1335 6850
5565 6851
1053 6852
1828 6853
1785 6854
3296 6855
4628 6856
8752 6857
5112 6858
1420 6859
6890 6860
9858 6861
901 6862
6856 6863
6424 6864
9887 6865
4114 6866
7220 6867
352 6868
4584 6869
623 6870
8924 6871
8811 6872
9465 6873
9954 6874
733 6875
8165 6876
643 6877
268 6878
8008 6879
3660 6880
4156 6881
1738 6882
3269 6883
532 6884
7812 6885
6137 6886
8761 6887
2335 6888
9868 6889
5582 6890
6651 6891
9131 6892
4067 6893
4660 6894
3779 6895
9868 6896
9841 6897
2471 6898
3669 6899
2380 6900
3799 6901
8177 6902
7789 6903
1760 6904
230 6905
4275 6906
8778 6907
5021 6908
144 6909
3511 6910
8704 6911
4650 6912
2556 6913
867 6914
5672 6915
3720 6916
3709 6917
401 6918
3403 6919
6400 6920
245 6921
2188 6922
8944 6923
1003 6924
2470 6925
6573 6926
3586 6927
8792 6928
9274 6929
7399 6930
9845 6931
9049 6932
1459 6933
8832 6934
8666 6935
5807 6936
8437 6937
2369 6938
609 6939
4584 6940
8707 6941
784 6942
4286 6943
1749 6944
4343 6945
9788 6946
3935 6947
8097 6948
9734 6949
7656 6950
7246 6951
7711 6952
5412 6953
8236 6954
3810 6955
6931 6956
4451 6957
520 6958
8362 6959
2356 6960
3362 6961
7098 6962
5501 6963
2688 6964
3236 6965
2690 6966
3899 6967
9345 6968
1565 6969
8292 6970
6713 6971
9742 6972
7556 6973
6606 6974
8315 6975
3541 6976
7494 6977
3835 6978
242 6979
839 6980
5320 6981
567 6982
2184 6983
469 6984
2031 6985
1300 6986
2250 6987
3802 6988
307 6989
5500 6990
4838 6991
5800 6992
7345 6993
1272 6994
2484 6995
5320 6996
6784 6997
7744 6998
7706 6999
4076 7000
7158 7001
4836 7002
4138 7003
5848 7004
7132 7005
1690 7006
6223 7007
1920 7008
7279 7009
9849 7010
9496 7011
3283 7012
3577 7013
9686 7014
292 7015
6649 7016
8527 7017
4925 7018
1823 7019
2664 7020
2316 7021
7330 7022
7148 7023
4909 7024
9295 7025
6664 7026
5363 7027
3130 7028
8976 7029
4338 7030
12 7031
7787 7032
8360 7033
9064 7034
8189 7035
2413 7036
1553 7037
797 7038
849 7039
6560 7040
4572 7041
3406 7042
1466 7043
1996 7044
9602 7045
7917 7046
1048 7047
1539 7048
7229 7049
1391 7050
5578 7051
1494 7052
4744 7053
5250 7054
6836 7055
1546 7056
2884 7057
4915 7058
9730 7059
1996 7060
3132 7061
704 7062
4316 7063
6035 7064
5611 7065
8473 7066
5194 7067
5877 7068
4157 7069
6572 7070
6906 7071
3213 7072
3075 7073
8818 7074
3104 7075
2171 7076
475 7077
516 7078
5805 7079
6508 7080
7760 7081
1713 7082
3123 7083
5195 7084
2765 7085
852 7086
7319 7087
9816 7088
1848 7089
3010 7090
4968 7091
1960 7092
1788 7093
4657 7094
2592 7095
462 7096
7719 7097
3136 7098
5272 7099
2377 7100
262 7101
6786 7102
9281 7103
941 7104
2094 7105
9132 7106
688 7107
8694 7108
1421 7109
3394 7110
554 7111
3467 7112
2575 7113
6717 7114
5089 7115
1135 7116
6309 7117
5312 7118
2189 7119
5438 7120
5523 7121
5595 7122
4254 7123
2758 7124
3929 7125
4671 7126
384 7127
3251 7128
9093 7129
786 7130
4032 7131
2208 7132
4406 7133
7094 7134
271 7135
1050 7136
3764 7137
1670 7138
1525 7139
3383 7140
7950 7141
2048 7142
4232 7143
2104 7144
2500 7145
2121 7146
4828 7147
843 7148
8983 7149
3229 7150
4141 7151
4676 7152
1613 7153
1590 7154
3483 7155
8284 7156
521 7157
6032 7158
1717 7159
7130 7160
4203 7161
8970 7162
874 7163
8130 7164
2036 7165
2735 7166
1275 7167
1995 7168
7516 7169
6950 7170
8405 7171
7750 7172
6488 7173
2630 7174
4878 7175
8187 7176
1190 7177
3454 7178
5022 7179
4470 7180
3610 7181
6020 7182
4352 7183
4338 7184
9582 7185
1421 7186
5112 7187
7668 7188
8982 7189
7453 7190
6951 7191
908 7192
7586 7193
5663 7194
8989 7195
4296 7196
583 7197
6838 7198
3870 7199
4473 7200
6688 7201
9765 7202
681 7203
7465 7204
2673 7205
5340 7206
709 7207
797 7208
9597 7209
2212 7210
9372 7211
5704 7212
7768 7213
5758 7214
4797 7215
1777 7216
2799 7217
4246 7218
2620 7219
5894 7220
5942 7221
4462 7222
3853 7223
1168 7224
4914 7225
3112 7226
7057 7227
4552 7228
2233 7229
4883 7230
9808 7231
5259 7232
9143 7233
3642 7234
3192 7235
5130 7236
1363 7237
9338 7238
4580 7239
2325 7240
7041 7241
1395 7242
4305 7243
1322 7244
9944 7245
4096 7246
5933 7247
424 7248
4694 7249
7962 7250
512 7251
408 7252
4483 7253
3242 7254
3136 7255
7806 7256
1924 7257
7838 7258
319 7259
6909 7260
7313 7261
238 7262
7176 7263
8905 7264
1113 7265
847 7266
7339 7267
5809 7268
2164 7269
5063 7270
3988 7271
7404 7272
8442 7273
9970 7274
5570 7275
562 7276
610 7277
581 7278
7319 7279
1487 7280
1533 7281
9201 7282
8780 7283
1124 7284
6900 7285
5099 7286
1847 7287
4031 7288
4414 7289
6793 7290
6735 7291
4604 7292
3671 7293
5855 7294
9775 7295
6044 7296
1662 7297
7914 7298
9 7299
5956 7300
62 7301
9149 7302
3837 7303
5049 7304
6016 7305
1179 7306
4410 7307
2363 7308
6686 7309
9876 7310
5924 7311
2255 7312
2410 7313
3331 7314
6743 7315
6578 7316
7472 7317
8151 7318
2747 7319
6362 7320
3786 7321
1201 7322
3592 7323
6735 7324
67 7325
5341 7326
7740 7327
7850 7328
2686 7329
1813 7330
4651 7331
1725 7332
7560 7333
2274 7334
6438 7335
2052 7336
347 7337
6996 7338
1391 7339
9818 7340
4308 7341
6228 7342
6123 7343
3327 7344
2023 7345
2760 7346
6441 7347
5000 7348
4161 7349
3943 7350
2163 7351
1863 7352
9807 7353
6557 7354
9203 7355
397 7356
13 7357
1889 7358
6920 7359
1581 7360
8913 7361
3782 7362
2968 7363
6195 7364
6378 7365
5775 7366
3208 7367
2981 7368
2083 7369
5366 7370
4266 7371
185 7372
8828 7373
7310 7374
4166 7375
311 7376
5131 7377
7559 7378
9244 7379
7088 7380
6910 7381
3603 7382
2136 7383
911 7384
9540 7385
6023 7386
1831 7387
4079 7388
3469 7389
6579 7390
2266 7391
2269 7392
5136 7393
2102 7394
4921 7395
6607 7396
1916 7397
6107 7398
1274 7399
1253 7400
240 7401
1273 7402
5650 7403
8719 7404
4814 7405
378 7406
9242 7407
7664 7408
2093 7409
377 7410
2005 7411
2161 7412
9343 7413
3378 7414
2114 7415
4425 7416
2883 7417
5333 7418
7373 7419
427 7420
4076 7421
5611 7422
8907 7423
5489 7424
49 7425
2716 7426
7030 7427
2664 7428
8790 7429
2080 7430
6869 7431
8059 7432
8362 7433
7364 7434
8111 7435
3764 7436
515 7437
2272 7438
9649 7439
385 7440
1639 7441
4295 7442
2607 7443
2004 7444
9836 7445
174 7446
7880 7447
3869 7448
867 7449
3424 7450
6141 7451
91 7452
224 7453
4769 7454
1074 7455
5665 7456
4109 7457
8610 7458
1302 7459
8230 7460
3600 7461
7620 7462
3632 7463
672 7464
3898 7465
1633 7466
3547 7467
1665 7468
1697 7469
6023 7470
1091 7471
4018 7472
4256 7473
6662 7474
9952 7475
2559 7476
445 7477
4941 7478
8162 7479
9556 7480
9052 7481
7968 7482
542 7483
9575 7484
3986 7485
3260 7486
8713 7487
4997 7488
8909 7489
8734 7490
3537 7491
6865 7492
9394 7493
4545 7494
2612 7495
4138 7496
1590 7497
6966 7498
2107 7499
2925 7500
2273 7501
8713 7502
9447 7503
187 7504
7104 7505
3569 7506
3968 7507
5005 7508
2442 7509
4824 7510
9098 7511
4036 7512
8598 7513
908 7514
1240 7515
5077 7516
2187 7517
7110 7518
869 7519
6230 7520
6103 7521
6313 7522
561 7523
3522 7524
5668 7525
4253 7526
9496 7527
9587 7528
1784 7529
3292 7530
9434 7531
9441 7532
3676 7533
8076 7534
9702 7535
5525 7536
9103 7537
7071 7538
1144 7539
6371 7540
6316 7541
1015 7542
3157 7543
4248 7544
1801 7545
7390 7546
7157 7547
8032 7548
2561 7549
229 7550
1232 7551
955 7552
181 7553
7771 7554
7452 7555
5616 7556
3902 7557
6032 7558
7382 7559
8691 7560
4886 7561
4811 7562
494 7563
1107 7564
5480 7565
6969 7566
2552 7567
8279 7568
7541 7569
3495 7570
688 7571
8923 7572
1769 7573
5362 7574
1294 7575
9365 7576
2717 7577
9596 7578
8234 7579
5725 7580
7598 7581
1650 7582
9202 7583
3004 7584
1229 7585
6572 7586
5850 7587
7492 7588
9256 7589
1524 7590
1235 7591
896 7592
9674 7593
3387 7594
5743 7595
3677 7596
7551 7597
7832 7598
2260 7599
8938 7600
8074 7601
674 7602
8367 7603
9084 7604
4954 7605
7600 7606
3563 7607
4645 7608
3770 7609
5679 7610
978 7611
677 7612
3464 7613
2756 7614
4978 7615
7826 7616
2169 7617
2147 7618
116 7619
7652 7620
1643 7621
3023 7622
8969 7623
7268 7624
4987 7625
691 7626
9430 7627
8135 7628
7895 7629
3760 7630
8802 7631
9605 7632
886 7633
9640 7634
5438 7635
206 7636
4007 7637
1515 7638
4660 7639
5887 7640
8520 7641
9759 7642
7378 7643
2337 7644
8313 7645
53 7646
9 7647
5876 7648
1520 7649
9897 7650
6705 7651
7066 7652
4653 7653
6875 7654
7600 7655
3878 7656
2496 7657
4364 7658
4059 7659
9623 7660
2042 7661
7435 7662
4028 7663
160 7664
7298 7665
2929 7666
9716 7667
2570 7668
3513 7669
7081 7670
9458 7671
4971 7672
9520 7673
2996 7674
453 7675
8777 7676
6744 7677
699 7678
2079 7679
9226 7680
5097 7681
2263 7682
2026 7683
5326 7684
1096 7685
5614 7686
4319 7687
111 7688
2243 7689
782 7690
5925 7691
2983 7692
3663 7693
2191 7694
7191 7695
8259 7696
3156 7697
7348 7698
4506 7699
3383 7700
1734 7701
1091 7702
1933 7703
1554 7704
3224 7705
2517 7706
7009 7707
3299 7708
9804 7709
8672 7710
9147 7711
9420 7712
7086 7713
7651 7714
9047 7715
7254 7716
2994 7717
8593 7718
8191 7719
8662 7720
1563 7721
7825 7722
2349 7723
4446 7724
3950 7725
5413 7726
2190 7727
407 7728
981 7729
5675 7730
2439 7731
2317 7732
4456 7733
993 7734
4540 7735
8603 7736
6153 7737
6956 7738
4878 7739
6137 7740
3295 7741
3065 7742
1045 7743
9619 7744
1734 7745
437 7746
8991 7747
1836 7748
1589 7749
3051 7750
1224 7751
5539 7752
6160 7753
2109 7754
3370 7755
2709 7756
7774 7757
3445 7758
7558 7759
6419 7760
2286 7761
2188 7762
8868 7763
7669 7764
8374 7765
1050 7766
536 7767
2398 7768
428 7769
8143 7770
7381 7771
4450 7772
6696 7773
6401 7774
5014 7775
3526 7776
4425 7777
2039 7778
6875 7779
7752 7780
7336 7781
8582 7782
1761 7783
7295 7784
9034 7785
1754 7786
3893 7787
3395 7788
1993 7789
6679 7790
2010 7791
1119 7792
9717 7793
7136 7794
2937 7795
2966 7796
2167 7797
8952 7798
1656 7799
2532 7800
5463 7801
4951 7802
4398 7803
6791 7804
5935 7805
5247 7806
1238 7807
5390 7808
5071 7809
2607 7810
8738 7811
2304 7812
1602 7813
5432 7814
3858 7815
3792 7816
4321 7817
847 7818
1542 7819
9056 7820
4374 7821
3394 7822
8896 7823
5412 7824
1524 7825
2271 7826
4813 7827
3128 7828
965 7829
9201 7830
5973 7831
6372 7832
1812 7833
4987 7834
6832 7835
6943 7836
1692 7837
6826 7838
3468 7839
2 7840
9184 7841
2727 7842
8877 7843
798 7844
6045 7845
666 7846
676 7847
2672 7848
6221 7849
7749 7850
2196 7851
3636 7852
2973 7853
6992 7854
3440 7855
3513 7856
482 7857
3616 7858
5688 7859
2772 7860
1879 7861
9726 7862
7270 7863
7366 7864
89 7865
4597 7866
3844 7867
82 7868
8327 7869
716 7870
3937 7871
8234 7872
7876 7873
2789 7874
5380 7875
9929 7876
464 7877
9236 7878
5551 7879
423 7880
8998 7881
4020 7882
1063 7883
6312 7884
3991 7885
5991 7886
1043 7887
182 7888
6038 7889
397 7890
7780 7891
3440 7892
5701 7893
5271 7894
2900 7895
2275 7896
3744 7897
6091 7898
5617 7899
1080 7900
9416 7901
4379 7902
8444 7903
1502 7904
7860 7905
1921 7906
1821 7907
6090 7908
9411 7909
3982 7910
3690 7911
1308 7912
5284 7913
8260 7914
3304 7915
7651 7916
5610 7917
4032 7918
8977 7919
3492 7920
9402 7921
3340 7922
1558 7923
3607 7924
7975 7925
8467 7926
1463 7927
2866 7928
9056 7929
6055 7930
3360 7931
1738 7932
7752 7933
4863 7934
1270 7935
1767 7936
374 7937
2453 7938
1107 7939
7064 7940
3886 7941
7328 7942
7710 7943
5671 7944
544 7945
5036 7946
8943 7947
686 7948
7999 7949
4339 7950
7457 7951
2057 7952
7381 7953
4678 7954
6825 7955
8670 7956
5157 7957
4300 7958
2358 7959
2523 7960
5137 7961
9807 7962
2073 7963
783 7964
2573 7965
7106 7966
263 7967
7068 7968
563 7969
983 7970
8860 7971
8635 7972
1337 7973
9585 7974
7635 7975
1632 7976
304 7977
422 7978
5187 7979
2607 7980
2238 7981
791 7982
8572 7983
7808 7984
5151 7985
5379 7986
3331 7987
3727 7988
8455 7989
1176 7990
7929 7991
2407 7992
2235 7993
1403 7994
5011 7995
3871 7996
7872 7997
1163 7998
8982 7999
3221 8000
868 8001
5617 8002
33 8003
2443 8004
1196 8005
6186 8006
895 8007
7856 8008
2926 8009
6456 8010
1341 8011
7536 8012
1392 8013
2390 8014
6281 8015
5982 8016
7952 8017
7914 8018
156 8019
5265 8020
2757 8021
8784 8022
698 8023
1452 8024
2358 8025
3637 8026
6455 8027
3587 8028
8554 8029
2209 8030
2859 8031
2123 8032
9327 8033
425 8034
9529 8035
2593 8036
2111 8037
4915 8038
4029 8039
4622 8040
672 8041
6683 8042
9428 8043
6521 8044
507 8045
7718 8046
4721 8047
2365 8048
3856 8049
725 8050
9101 8051
2236 8052
2167 8053
236 8054
2286 8055
7445 8056
1418 8057
3571 8058
1708 8059
4978 8060
1505 8061
5005 8062
1968 8063
3445 8064
4046 8065
8216 8066
4349 8067
116 8068
3642 8069
8676 8070
9283 8071
4450 8072
2032 8073
6151 8074
5265 8075
304 8076
1081 8077
3248 8078
8204 8079
516 8080
6535 8081
986 8082
4062 8083
521 8084
5541 8085
996 8086
1728 8087
1479 8088
9855 8089
4239 8090
9866 8091
8949 8092
63 8093
7735 8094
6554 8095
2939 8096
4263 8097
8837 8098
6980 8099
8509 8100
2870 8101
5493 8102
5242 8103
8709 8104
7700 8105
1412 8106
5692 8107
1023 8108
1056 8109
7804 8110
7377 8111
8380 8112
2493 8113
2914 8114
8886 8115
2927 8116
9880 8117
4415 8118
8230 8119
6892 8120
6477 8121
7407 8122
5515 8123
4402 8124
2314 8125
5399 8126
8740 8127
9670 8128
980 8129
2570 8130
935 8131
4354 8132
7785 8133
8509 8134
3433 8135
6542 8136
4598 8137
9449 8138
1340 8139
8814 8140
4826 8141
865 8142
8600 8143
6139 8144
8298 8145
3925 8146
3981 8147
3655 8148
9702 8149
3431 8150
104 8151
1403 8152
5692 8153
6348 8154
7029 8155
4403 8156
1724 8157
884 8158
8051 8159
7709 8160
1868 8161
6733 8162
750 8163
7773 8164
1132 8165
5989 8166
7257 8167
3173 8168
6317 8169
7055 8170
1098 8171
6899 8172
1533 8173
8729 8174
4570 8175
4523 8176
8886 8177
2939 8178
3549 8179
2135 8180
3209 8181
8866 8182
5839 8183
4972 8184
9204 8185
3069 8186
6576 8187
3407 8188
4812 8189
9432 8190
1426 8191
2744 8192
9127 8193
1847 8194
1984 8195
4742 8196
2104 8197
1317 8198
7521 8199
1602 8200
976 8201
6991 8202
2109 8203
6504 8204
1235 8205
8346 8206
927 8207
5876 8208
9258 8209
380 8210
4508 8211
1961 8212
7815 8213
3897 8214
1331 8215
6408 8216
7086 8217
1084 8218
1813 8219
1103 8220
9009 8221
6937 8222
7671 8223
2704 8224
7788 8225
2704 8226
3989 8227
931 8228
6339 8229
7461 8230
9674 8231
8142 8232
5065 8233
7982 8234
8077 8235
3012 8236
4275 8237
6253 8238
7950 8239
7549 8240
12 8241
9871 8242
338 8243
885 8244
154 8245
9588 8246
1579 8247
2294 8248
2240 8249
5407 8250
4187 8251
1338 8252
8197 8253
8880 8254
5770 8255
9899 8256
1253 8257
2832 8258
1607 8259
4478 8260
5927 8261
813 8262
9339 8263
5185 8264
7903 8265
5799 8266
964 8267
8736 8268
3605 8269
9642 8270
7792 8271
206 8272
4581 8273
4845 8274
5544 8275
9121 8276
536 8277
9354 8278
7296 8279
5295 8280
4868 8281
1487 8282
8940 8283
2120 8284
1007 8285
5861 8286
9348 8287
3348 8288
8521 8289
7263 8290
6235 8291
2143 8292
475 8293
1812 8294
4013 8295
2897 8296
1642 8297
2177 8298
8216 8299
2915 8300
5233 8301
5289 8302
5548 8303
591 8304
1998 8305
1934 8306
2885 8307
1047 8308
9563 8309
1733 8310
8297 8311
8617 8312
1840 8313
4580 8314
6797 8315
3922 8316
9751 8317
6367 8318
6669 8319
1984 8320
352 8321
4228 8322
4764 8323
5916 8324
7734 8325
9860 8326
8600 8327
7528 8328
8498 8329
4819 8330
9377 8331
8949 8332
3311 8333
7857 8334
8187 8335
457 8336
5821 8337
3738 8338
8915 8339
7966 8340
3210 8341
7611 8342
9039 8343
6014 8344
6254 8345
5910 8346
2280 8347
1374 8348
5957 8349
5704 8350
3404 8351
8681 8352
4178 8353
1768 8354
7871 8355
9183 8356
210 8357
2867 8358
9875 8359
3101 8360
1823 8361
8470 8362
6712 8363
5471 8364
6743 8365
4363 8366
7317 8367
402 8368
3516 8369
5433 8370
8439 8371
879 8372
2205 8373
8533 8374
6921 8375
7317 8376
644 8377
5437 8378
933 8379
6039 8380
3137 8381
5366 8382
9866 8383
3462 8384
1960 8385
5587 8386
31 8387
7791 8388
6854 8389
4938 8390
327 8391
9720 8392
9497 8393
1074 8394
6277 8395
9735 8396
8113 8397
9712 8398
1953 8399
8805 8400
2610 8401
7090 8402
7291 8403
2177 8404
3723 8405
5627 8406
1216 8407
7367 8408
2076 8409
4624 8410
9324 8411
6402 8412
8483 8413
898 8414
6543 8415
1359 8416
6792 8417
1197 8418
1202 8419
6213 8420
3066 8421
9760 8422
6011 8423
8034 8424
537 8425
2079 8426
5151 8427
8695 8428
1989 8429
8390 8430
5752 8431
7351 8432
3463 8433
8590 8434
7863 8435
2252 8436
9694 8437
7908 8438
3068 8439
2619 8440
445 8441
904 8442
2275 8443
649 8444
8404 8445
1268 8446
257 8447
717 8448
3531 8449
7310 8450
7904 8451
6920 8452
8998 8453
8911 8454
8696 8455
6466 8456
1253 8457
5205 8458
8671 8459
1767 8460
9387 8461
2773 8462
2545 8463
3810 8464
9266 8465
5781 8466
5267 8467
4585 8468
7421 8469
3978 8470
9332 8471
1769 8472
4015 8473
8749 8474
1173 8475
3891 8476
1290 8477
2259 8478
6315 8479
3191 8480
3705 8481
6909 8482
2147 8483
3776 8484
2946 8485
3549 8486
2021 8487
5057 8488
9094 8489
7371 8490
8732 8491
9758 8492
540 8493
3127 8494
8037 8495
3725 8496
3277 8497
3247 8498
1173 8499
654 8500
7265 8501
3091 8502
3200 8503
5130 8504
3881 8505
3063 8506
120 8507
2632 8508
1982 8509
313 8510
6355 8511
982 8512
6139 8513
1716 8514
6960 8515
4805 8516
3494 8517
5492 8518
7035 8519
1621 8520
6037 8521
9770 8522
9951 8523
404 8524
4894 8525
6530 8526
5339 8527
5953 8528
2655 8529
7076 8530
5512 8531
6101 8532
7728 8533
9624 8534
8042 8535
789 8536
8437 8537
5790 8538
2549 8539
1377 8540
9001 8541
4220 8542
2194 8543
6832 8544
9719 8545
2185 8546
1937 8547
496 8548
138 8549
8906 8550
9425 8551
8984 8552
2424 8553
2330 8554
6271 8555
3905 8556
1114 8557
3488 8558
4972 8559
2661 8560
9088 8561
2091 8562
9234 8563
726 8564
9299 8565
2001 8566
4631 8567
7378 8568
7210 8569
4841 8570
7379 8571
485 8572
8385 8573
7893 8574
287 8575
9567 8576
1703 8577
4741 8578
4926 8579
1032 8580
1590 8581
311 8582
9520 8583
4354 8584
8665 8585
8179 8586
7125 8587
1854 8588
1545 8589
1319 8590
6559 8591
3793 8592
7096 8593
7390 8594
7083 8595
6792 8596
1682 8597
374 8598
5618 8599
9609 8600
7025 8601
9633 8602
7322 8603
2780 8604
7088 8605
7596 8606
1730 8607
8555 8608
9409 8609
79 8610
2031 8611
2454 8612
5779 8613
6885 8614
5056 8615
2713 8616
6302 8617
3021 8618
2968 8619
2770 8620
514 8621
767 8622
5437 8623
8141 8624
2335 8625
2499 8626
9293 8627
723 8628
3797 8629
638 8630
3825 8631
9971 8632
3072 8633
8318 8634
6116 8635
783 8636
4044 8637
7481 8638
7797 8639
6474 8640
1295 8641
3169 8642
379 8643
8800 8644
2615 8645
9850 8646
3944 8647
4055 8648
1409 8649
223 8650
818 8651
405 8652
1564 8653
3858 8654
8814 8655
2274 8656
4990 8657
1219 8658
5421 8659
5871 8660
8245 8661
419 8662
6716 8663
7031 8664
608 8665
7784 8666
2983 8667
1173 8668
4639 8669
4051 8670
1630 8671
6550 8672
7576 8673
6641 8674
3658 8675
8272 8676
156 8677
6624 8678
433 8679
9987 8680
8425 8681
195 8682
3176 8683
9904 8684
7457 8685
4342 8686
3001 8687
6071 8688
3611 8689
1621 8690
4982 8691
2517 8692
2376 8693
4155 8694
3628 8695
7133 8696
3257 8697
6423 8698
6475 8699
7558 8700
9007 8701
1700 8702
3781 8703
5318 8704
9604 8705
2936 8706
3813 8707
3230 8708
9512 8709
4205 8710
4482 8711
9894 8712
4622 8713
6543 8714
6340 8715
569 8716
1864 8717
4485 8718
2791 8719
9957 8720
2351 8721
4979 8722
9581 8723
636 8724
4456 8725
5871 8726
6841 8727
5470 8728
9171 8729
1363 8730
633 8731
7707 8732
2662 8733
7170 8734
9443 8735
9859 8736
1562 8737
7694 8738
8276 8739
5728 8740
7173 8741
1946 8742
5156 8743
9239 8744
104 8745
2684 8746
2094 8747
4171 8748
8744 8749
5509 8750
2079 8751
434 8752
5426 8753
6835 8754
3549 8755
4364 8756
267 8757
5783 8758
506 8759
5009 8760
7639 8761
1235 8762
521 8763
4619 8764
4171 8765
2326 8766
3984 8767
564 8768
7700 8769
3595 8770
1038 8771
7520 8772
4377 8773
9854 8774
1695 8775
8494 8776
5038 8777
9697 8778
8781 8779
6635 8780
203 8781
9919 8782
6634 8783
4552 8784
9885 8785
8703 8786
7772 8787
4766 8788
6507 8789
922 8790
648 8791
9263 8792
8011 8793
640 8794
4994 8795
2686 8796
3014 8797
1384 8798
4643 8799
1137 8800
633 8801
3751 8802
9884 8803
4517 8804
1582 8805
7523 8806
7978 8807
4212 8808
730 8809
8472 8810
5770 8811
3587 8812
3096 8813
6410 8814
7935 8815
9903 8816
5606 8817
829 8818
8626 8819
5369 8820
1855 8821
674 8822
1770 8823
7822 8824
5241 8825
5682 8826
3932 8827
5996 8828
5119 8829
6447 8830
3300 8831
3058 8832
3041 8833
8313 8834
5317 8835
6792 8836
5691 8837
9663 8838
2525 8839
1791 8840
5779 8841
3095 8842
685 8843
7578 8844
727 8845
496 8846
3799 8847
7389 8848
8071 8849
501 8850
6280 8851
1093 8852
4206 8853
613 8854
9177 8855
824 8856
7111 8857
3969 8858
2705 8859
2798 8860
8398 8861
4741 8862
2013 8863
6656 8864
436 8865
6170 8866
1634 8867
6880 8868
55 8869
8875 8870
1265 8871
3338 8872
1618 8873
9159 8874
4941 8875
2553 8876
80 8877
8343 8878
7754 8879
8460 8880
8359 8881
5441 8882
4694 8883
9322 8884
5138 8885
364 8886
6652 8887
1717 8888
1471 8889
1844 8890
3238 8891
1035 8892
9979 8893
3072 8894
243 8895
34 8896
1163 8897
9410 8898
2458 8899
4245 8900
2780 8901
111 8902
4766 8903
874 8904
813 8905
3760 8906
5442 8907
455 8908
8427 8909
2936 8910
6895 8911
644 8912
7613 8913
407 8914
3315 8915
6065 8916
978 8917
7439 8918
4316 8919
1723 8920
4536 8921
4389 8922
5718 8923
2812 8924
3438 8925
1673 8926
3793 8927
7377 8928
1932 8929
9929 8930
5830 8931
2512 8932
2881 8933
3443 8934
1003 8935
3129 8936
461 8937
9962 8938
8421 8939
1852 8940
5649 8941
683 8942
6798 8943
2011 8944
9811 8945
8897 8946
5384 8947
2561 8948
1734 8949
1701 8950
2465 8951
8148 8952
2586 8953
8186 8954
4119 8955
2695 8956
1567 8957
7592 8958
4173 8959
5108 8960
2288 8961
55 8962
7422 8963
2232 8964
1358 8965
4063 8966
2593 8967
3214 8968
6026 8969
5101 8970
62 8971
4240 8972
4680 8973
7576 8974
2145 8975
8411 8976
4528 8977
4837 8978
7932 8979
4211 8980
9398 8981
6440 8982
1570 8983
1607 8984
7500 8985
3020 8986
7905 8987
2182 8988
3607 8989
5765 8990
4767 8991
6803 8992
6303 8993
9155 8994
5625 8995
6421 8996
1195 8997
9514 8998
6791 8999
9249 9000
3037 9001
5248 9002
8644 9003
348 9004
9369 9005
7495 9006
5021 9007
1771 9008
1404 9009
7500 9010
712 9011
6110 9012
9642 9013
8990 9014
1207 9015
3261 9016
1224 9017
8483 9018
5869 9019
1393 9020
780 9021
3479 9022
3600 9023
2742 9024
1954 9025
9799 9026
7088 9027
6719 9028
6288 9029
5229 9030
3798 9031
9899 9032
5388 9033
9676 9034
7936 9035
1527 9036
2780 9037
1135 9038
2157 9039
100 9040
1215 9041
1053 9042
2804 9043
4746 9044
122 9045
7344 9046
8362 9047
4813 9048
6837 9049
7366 9050
6755 9051
5679 9052
759 9053
8679 9054
1640 9055
358 9056
4511 9057
1593 9058
5018 9059
2767 9060
2517 9061
1760 9062
150 9063
5443 9064
7041 9065
7465 9066
2730 9067
8825 9068
7194 9069
8153 9070
4919 9071
9181 9072
9265 9073
9474 9074
8775 9075
1839 9076
7711 9077
1846 9078
7424 9079
4047 9080
9179 9081
1199 9082
1402 9083
4552 9084
433 9085
6126 9086
6190 9087
6554 9088
4848 9089
4578 9090
3648 9091
60 9092
7747 9093
9243 9094
8094 9095
8401 9096
4786 9097
895 9098
6073 9099
219 9100
1337 9101
6717 9102
387 9103
2574 9104
9226 9105
9937 9106
9753 9107
7734 9108
5727 9109
7960 9110
196 9111
6523 9112
6994 9113
8548 9114
3371 9115
9988 9116
368 9117
1233 9118
4731 9119
7082 9120
2203 9121
5833 9122
2697 9123
2094 9124
3520 9125
5702 9126
3447 9127
7374 9128
8249 9129
982 9130
341 9131
8916 9132
8691 9133
1187 9134
6442 9135
5455 9136
7602 9137
3891 9138
2355 9139
5238 9140
6707 9141
6269 9142
348 9143
1114 9144
6322 9145
8414 9146
2781 9147
2588 9148
1422 9149
9003 9150
2150 9151
1007 9152
7578 9153
1176 9154
1214 9155
8222 9156
597 9157
9816 9158
504 9159
4273 9160
5420 9161
3013 9162
7863 9163
1212 9164
879 9165
8275 9166
9444 9167
777 9168
961 9169
1520 9170
4221 9171
4088 9172
2403 9173
2479 9174
1728 9175
2771 9176
8804 9177
4069 9178
5241 9179
5415 9180
9826 9181
7859 9182
744 9183
2399 9184
3108 9185
2389 9186
8198 9187
5795 9188
8955 9189
1546 9190
2666 9191
4322 9192
4357 9193
1014 9194
3063 9195
8636 9196
9812 9197
4276 9198
4856 9199
9267 9200
7007 9201
8976 9202
6782 9203
946 9204
8248 9205
180 9206
2825 9207
4223 9208
1678 9209
289 9210
2918 9211
5693 9212
3795 9213
272 9214
1912 9215
6949 9216
9297 9217
5529 9218
1978 9219
790 9220
552 9221
9812 9222
7972 9223
522 9224
5947 9225
4975 9226
3084 9227
2411 9228
5548 9229
6143 9230
8318 9231
501 9232
7973 9233
9450 9234
5263 9235
9406 9236
4424 9237
7013 9238
3999 9239
1508 9240
9481 9241
585 9242
3469 9243
3110 9244
9067 9245
9371 9246
7231 9247
5350 9248
5640 9249
2620 9250
9138 9251
4413 9252
5494 9253
4814 9254
7407 9255
9184 9256
3910 9257
9161 9258
8863 9259
2385 9260
126 9261
413 9262
4576 9263
1832 9264
4457 9265
6568 9266
7608 9267
9988 9268
333 9269
6810 9270
5785 9271
3980 9272
7886 9273
1670 9274
1110 9275
1515 9276
3985 9277
636 9278
8453 9279
4380 9280
1075 9281
7190 9282
53 9283
6498 9284
6939 9285
5712 9286
1058 9287
2700 9288
7566 9289
3803 9290
2359 9291
6406 9292
7570 9293
7043 9294
4084 9295
9459 9296
9892 9297
992 9298
8320 9299
7370 9300
3518 9301
2986 9302
6128 9303
1535 9304
9859 9305
65 9306
5544 9307
8915 9308
2717 9309
203 9310
3665 9311
1358 9312
6297 9313
4271 9314
588 9315
2108 9316
657 9317
2945 9318
6422 9319
1238 9320
9067 9321
639 9322
9325 9323
8179 9324
8352 9325
44 9326
6402 9327
1823 9328
543 9329
9355 9330
159 9331
8698 9332
1810 9333
1311 9334
2075 9335
147 9336
3970 9337
5488 9338
3035 9339
3015 9340
2039 9341
8256 9342
3900 9343
1381 9344
370 9345
2094 9346
398 9347
4932 9348
5471 9349
379 9350
1171 9351
1047 9352
6165 9353
2907 9354
8232 9355
9407 9356
6624 9357
4079 9358
8499 9359
6210 9360
8273 9361
9793 9362
2446 9363
5275 9364
6723 9365
975 9366
6387 9367
8034 9368
1617 9369
1931 9370
2569 9371
1214 9372
6247 9373
8402 9374
4829 9375
3928 9376
2422 9377
5932 9378
2932 9379
3889 9380
1117 9381
1460 9382
2080 9383
3382 9384
3908 9385
2584 9386
4113 9387
419 9388
1290 9389
6163 9390
4750 9391
3222 9392
5009 9393
9177 9394
7221 9395
5334 9396
3448 9397
5219 9398
927 9399
564 9400
2570 9401
3820 9402
5223 9403
2304 9404
6085 9405
6602 9406
9533 9407
7951 9408
2718 9409
9793 9410
7126 9411
2059 9412
1010 9413
7525 9414
1638 9415
1116 9416
5712 9417
4846 9418
8560 9419
1238 9420
4934 9421
1201 9422
1404 9423
1234 9424
8281 9425
3117 9426
3083 9427
9570 9428
7465 9429
7939 9430
2200 9431
9807 9432
1124 9433
8153 9434
2032 9435
309 9436
1513 9437
3936 9438
195 9439
1250 9440
8816 9441
885 9442
5707 9443
9451 9444
8856 9445
5029 9446
3132 9447
4895 9448
7825 9449
1909 9450
348 9451
4352 9452
4892 9453
3681 9454
4885 9455
1935 9456
5680 9457
1491 9458
9657 9459
7303 9460
9630 9461
5382 9462
9654 9463
2221 9464
2710 9465
9595 9466
3354 9467
7878 9468
1707 9469
1068 9470
4712 9471
4938 9472
1109 9473
688 9474
2427 9475
3000 9476
6502 9477
2782 9478
3867 9479
3145 9480
2096 9481
7493 9482
3118 9483
873 9484
9412 9485
1515 9486
6256 9487
324 9488
3165 9489
7380 9490
2054 9491
317 9492
5551 9493
1686 9494
9072 9495
2037 9496
2826 9497
2618 9498
7805 9499
2890 9500
6756 9501
2086 9502
83 9503
5134 9504
2821 9505
4953 9506
2063 9507
3802 9508
548 9509
7478 9510
1946 9511
5906 9512
4899 9513
8517 9514
461 9515
4378 9516
1495 9517
3894 9518
3990 9519
1945 9520
9530 9521
8136 9522
1947 9523
7325 9524
52 9525
3337 9526
1950 9527
4032 9528
9799 9529
4894 9530
9490 9531
1850 9532
7034 9533
7893 9534
717 9535
6806 9536
8313 9537
9865 9538
415 9539
8185 9540
4042 9541
2631 9542
8418 9543
8224 9544
6515 9545
6174 9546
5298 9547
5370 9548
5051 9549
8972 9550
8430 9551
1191 9552
3630 9553
9847 9554
2032 9555
3966 9556
7173 9557
1944 9558
1658 9559
3525 9560
4789 9561
5599 9562
1841 9563
6492 9564
3830 9565
51 9566
8430 9567
2699 9568
3703 9569
8649 9570
1538 9571
3870 9572
9249 9573
7943 9574
1738 9575
1229 9576
7289 9577
4857 9578
6036 9579
1281 9580
4281 9581
8947 9582
97 9583
1924 9584
9921 9585
4568 9586
492 9587
41 9588
4634 9589
1467 9590
6201 9591
7452 9592
7324 9593
2644 9594
3777 9595
9946 9596
7649 9597
9702 9598
9677 9599
4404 9600
1785 9601
7726 9602
3281 9603
2736 9604
2111 9605
7166 9606
2235 9607
1057 9608
7627 9609
8763 9610
4876 9611
3704 9612
8762 9613
3908 9614
4151 9615
2395 9616
5691 9617
1396 9618
2071 9619
581 9620
2139 9621
6522 9622
8230 9623
2221 9624
6996 9625
8215 9626
8011 9627
7804 9628
8209 9629
5879 9630
5555 9631
1289 9632
7109 9633
563 9634
7283 9635
4663 9636
557 9637
7478 9638
7645 9639
8226 9640
3539 9641
5295 9642
2274 9643
3926 9644
5588 9645
4599 9646
7623 9647
3089 9648
1060 9649
2628 9650
2538 9651
3706 9652
8609 9653
8540 9654
567 9655
5857 9656
3461 9657
7694 9658
8278 9659
4280 9660
4448 9661
2733 9662
4567 9663
499 9664
2597 9665
6591 9666
7905 9667
2620 9668
4499 9669
2869 9670
3111 9671
2730 9672
9400 9673
588 9674
2477 9675
2931 9676
5537 9677
8580 9678
489 9679
8880 9680
1749 9681
2061 9682
381 9683
1072 9684
6642 9685
9611 9686
676 9687
4159 9688
4743 9689
7970 9690
6571 9691
1592 9692
1749 9693
4002 9694
5394 9695
8025 9696
4000 9697
3977 9698
8835 9699
342 9700
298 9701
757 9702
8418 9703
6177 9704
1345 9705
2281 9706
7989 9707
3096 9708
8600 9709
8530 9710
7366 9711
4111 9712
3540 9713
5002 9714
8951 9715
192 9716
824 9717
6941 9718
662 9719
6240 9720
1699 9721
202 9722
5905 9723
3347 9724
4711 9725
9612 9726
5819 9727
403 9728
5438 9729
2394 9730
9248 9731
189 9732
5224 9733
2604 9734
5221 9735
717 9736
2184 9737
9519 9738
7876 9739
9260 9740
6752 9741
7786 9742
1974 9743
1974 9744
586 9745
5490 9746
6017 9747
1041 9748
7721 9749
4555 9750
37 9751
4522 9752
8015 9753
8752 9754
3089 9755
82 9756
9920 9757
8005 9758
1035 9759
4714 9760
2790 9761
7482 9762
9344 9763
1450 9764
6839 9765
6067 9766
889 9767
3512 9768
9252 9769
182 9770
1151 9771
423 9772
8419 9773
6500 9774
8208 9775
8974 9776
7104 9777
6300 9778
6979 9779
7755 9780
4815 9781
2669 9782
184 9783
1975 9784
212 9785
2250 9786
5955 9787
6492 9788
7639 9789
6579 9790
3642 9791
1348 9792
8610 9793
9153 9794
3117 9795
8644 9796
845 9797
2849 9798
1894 9799
569 9800
5485 9801
8118 9802
1697 9803
5282 9804
5704 9805
8248 9806
141 9807
9390 9808
140 9809
1713 9810
4419 9811
1399 9812
1568 9813
8314 9814
8200 9815
4879 9816
4875 9817
5297 9818
590 9819
5273 9820
7348 9821
2318 9822
6415 9823
4012 9824
9977 9825
6054 9826
8348 9827
2147 9828
468 9829
8080 9830
6579 9831
3977 9832
9419 9833
1446 9834
3343 9835
6691 9836
5463 9837
6190 9838
3717 9839
3582 9840
2343 9841
1977 9842
252 9843
5500 9844
6662 9845
876 9846
1980 9847
56 9848
2490 9849
6765 9850
4107 9851
2210 9852
7743 9853
1792 9854
8467 9855
9719 9856
2339 9857
5571 9858
2776 9859
336 9860
9843 9861
6470 9862
1768 9863
5295 9864
9654 9865
9791 9866
6484 9867
7205 9868
1000 9869
5837 9870
2287 9871
9687 9872
6426 9873
1612 9874
1876 9875
4978 9876
7992 9877
5929 9878
669 9879
412 9880
5307 9881
4262 9882
7409 9883
3853 9884
9504 9885
2223 9886
1853 9887
495 9888
8440 9889
3822 9890
6230 9891
210 9892
5090 9893
7852 9894
7854 9895
467 9896
390 9897
3210 9898
6998 9899
3533 9900
2067 9901
591 9902
8307 9903
1920 9904
3468 9905
1106 9906
3252 9907
4449 9908
7134 9909
330 9910
2514 9911
3859 9912
3941 9913
8595 9914
9657 9915
2613 9916
1455 9917
5957 9918
502 9919
7211 9920
9393 9921
1200 9922
6801 9923
4001 9924
1545 9925
7178 9926
8173 9927
3213 9928
1427 9929
1565 9930
94 9931
2085 9932
400 9933
1738 9934
9946 9935
7809 9936
1844 9937
2450 9938
6595 9939
5458 9940
415 9941
7127 9942
7636 9943
7155 9944
4607 9945
382 9946
1034 9947
6127 9948
5476 9949
4920 9950
1285 9951
1283 9952
1908 9953
1297 9954
8063 9955
2566 9956
991 9957
7288 9958
700 9959
7798 9960
2630 9961
688 9962
6467 9963
8964 9964
4183 9965
7383 9966
7244 9967
9891 9968
1068 9969
9141 9970
5146 9971
6476 9972
7845 9973
3415 9974
9099 9975
7606 9976
3587 9977
669 9978
5517 9979
6197 9980
8823 9981
4464 9982
7411 9983
7440 9984
2762 9985
9209 9986
152 9987
6455 9988
1662 9989
606 9990
5284 9991
9029 9992
6693 9993
2381 9994
5069 9995
1666 9996
8049 9997
9054 9998
7648 9999
